-1.128603219985961914e+00,3.376373648643493652e-01,-8.414196372032165527e-01,4.867905974388122559e-01,-1.003277301788330078e+00,1.363547682762145996e+00
-1.306393623352050781e+00,6.098661422729492188e-01,-4.224571287631988525e-01,2.410239875316619873e-01,-1.294727325439453125e+00,1.334250092506408691e+00
-1.443383932113647461e+00,9.347978234291076660e-01,1.837709099054336548e-01,-1.379738152027130127e-01,-1.567818880081176758e+00,1.261737108230590820e+00
-1.493191838264465332e+00,8.313593268394470215e-01,-1.049075573682785034e-01,1.567633450031280518e-02,-1.531778573989868164e+00,1.262500047683715820e+00
-1.473674058914184570e+00,5.855270028114318848e-01,-6.334913969039916992e-01,3.093678653240203857e-01,-1.347536206245422363e+00,1.287222623825073242e+00
-1.186214566230773926e+00,2.605870664119720459e-01,-1.056249499320983887e+00,5.708604454994201660e-01,-9.551680088043212891e-01,1.341451644897460938e+00
-7.648163437843322754e-01,-7.034806162118911743e-02,-1.339726686477661133e+00,7.582960724830627441e-01,-4.906070530414581299e-01,1.342497229576110840e+00
-7.935572862625122070e-01,1.294881254434585571e-01,-9.593162536621093750e-01,6.098078489303588867e-01,-6.947973370552062988e-01,1.389476299285888672e+00
-7.312436699867248535e-01,4.069657921791076660e-01,-3.031065762042999268e-01,3.452512919902801514e-01,-8.993932008743286133e-01,1.445873618125915527e+00
-7.948701977729797363e-01,4.384589195251464844e-01,-2.977887690067291260e-01,3.237014710903167725e-01,-9.492638111114501953e-01,1.438734650611877441e+00
-1.103943467140197754e+00,1.473857611417770386e-01,-1.213249802589416504e+00,6.522395014762878418e-01,-8.183279633522033691e-01,1.340208411216735840e+00
-1.177760124206542969e+00,-2.870176434516906738e-01,-2.119163513183593750e+00,9.754609465599060059e-01,-3.471079766750335693e-01,1.211297631263732910e+00
-1.467044711112976074e+00,1.153181195259094238e-01,-1.597778320312500000e+00,7.636082172393798828e-01,-9.010396003723144531e-01,1.251845598220825195e+00
-1.659221291542053223e+00,6.417548060417175293e-01,-6.818867325782775879e-01,2.945570945739746094e-01,-1.470454216003417969e+00,1.225643992424011230e+00
-1.691853642463684082e+00,7.921983003616333008e-01,-3.813489973545074463e-01,1.201847493648529053e-01,-1.598405003547668457e+00,1.199665665626525879e+00
-1.778668522834777832e+00,7.072454094886779785e-01,-6.475403308868408203e-01,2.509719133377075195e-01,-1.573435425758361816e+00,1.177556157112121582e+00
-1.864624261856079102e+00,5.984782576560974121e-01,-9.560000300407409668e-01,4.048115611076354980e-01,-1.518495678901672363e+00,1.153146743774414062e+00
-1.537319183349609375e+00,5.198222398757934570e-01,-8.329335451126098633e-01,3.981474637985229492e-01,-1.319509744644165039e+00,1.268394470214843750e+00
-1.186537265777587891e+00,4.481776952743530273e-01,-6.604499220848083496e-01,3.894051909446716309e-01,-1.119012355804443359e+00,1.360287547111511230e+00
-1.254044175148010254e+00,4.317966997623443604e-01,-7.592958807945251465e-01,4.211103022098541260e-01,-1.132423043251037598e+00,1.343085765838623047e+00
-1.312870860099792480e+00,4.183406829833984375e-01,-8.427181243896484375e-01,4.482499957084655762e-01,-1.144019365310668945e+00,1.327551603317260742e+00
-1.263923525810241699e+00,4.540596604347229004e-01,-7.209591865539550781e-01,4.005197584629058838e-01,-1.154928445816040039e+00,1.341987133026123047e+00
-1.164679765701293945e+00,5.150724053382873535e-01,-4.943705201148986816e-01,3.142952024936676025e-01,-1.162827610969543457e+00,1.368847489356994629e+00
-1.108370184898376465e+00,5.008906126022338867e-01,-4.708693027496337891e-01,3.175689280033111572e-01,-1.128307342529296875e+00,1.381219148635864258e+00
-9.992569684982299805e-01,2.157886326313018799e-01,-9.752315282821655273e-01,5.727317929267883301e-01,-8.468133807182312012e-01,1.372216939926147461e+00
-6.984317898750305176e-01,-2.432549744844436646e-01,-1.619138240814208984e+00,8.611162900924682617e-01,-2.853486239910125732e-01,1.293681859970092773e+00
-6.800216436386108398e-01,-3.042096495628356934e-01,-1.719929099082946777e+00,8.939479589462280273e-01,-2.110647112131118774e-01,1.272775650024414062e+00
-8.992579579353332520e-01,-1.234314292669296265e-01,-1.567969202995300293e+00,8.174921274185180664e-01,-4.732760787010192871e-01,1.308750510215759277e+00
-1.077314615249633789e+00,7.247725035995244980e-03,-1.470680117607116699e+00,7.582138180732727051e-01,-6.665328741073608398e-01,1.315380930900573730e+00
-1.497546672821044922e+00,1.611979901790618896e-01,-1.533419013023376465e+00,7.331718802452087402e-01,-9.601716399192810059e-01,1.251160860061645508e+00
-2.157826662063598633e+00,3.962954282760620117e-01,-1.606933474540710449e+00,7.236865162849426270e-01,-1.426978826522827148e+00,1.033105492591857910e+00
-2.375413179397583008e+00,5.008290410041809082e-01,-1.565923810005187988e+00,6.975538730621337891e-01,-1.613851189613342285e+00,9.223788380622863770e-01
-2.300713777542114258e+00,7.352653145790100098e-01,-1.031735062599182129e+00,3.906959593296051025e-01,-1.816469788551330566e+00,9.396025538444519043e-01
-2.114387035369873047e+00,1.022955179214477539e+00,-2.447784245014190674e-01,-6.667029857635498047e-02,-1.954458951950073242e+00,9.689518809318542480e-01
-1.954613924026489258e+00,1.066262364387512207e+00,2.717517490964382887e-04,-1.834928840398788452e-01,-1.900932312011718750e+00,1.031138658523559570e+00
-1.579588174819946289e+00,9.026520848274230957e-01,-2.457226254045963287e-02,-5.713704600930213928e-02,-1.617530941963195801e+00,1.222014307975769043e+00
-1.185777306556701660e+00,7.409495115280151367e-01,-9.347363375127315521e-03,5.704441666603088379e-02,-1.328773379325866699e+00,1.360984683036804199e+00
-1.020564913749694824e+00,6.191218495368957520e-01,-1.209797710180282593e-01,1.682873368263244629e-01,-1.173962235450744629e+00,1.404154539108276367e+00
-6.773993372917175293e-01,3.306626081466674805e-01,-4.163421392440795898e-01,4.118861556053161621e-01,-8.200440406799316406e-01,1.443775534629821777e+00
-3.760230243206024170e-01,1.064402014017105103e-01,-5.955817699432373047e-01,5.711621046066284180e-01,-5.237252116203308105e-01,1.432728648185729980e+00
-1.213744401931762695e+00,6.138736009597778320e-01,-3.240232169628143311e-01,2.152987420558929443e-01,-1.257012963294982910e+00,1.358368873596191406e+00
-1.309433698654174805e+00,5.405719876289367676e-01,-5.771549344062805176e-01,3.191058337688446045e-01,-1.243300676345825195e+00,1.333401799201965332e+00
-1.368025541305541992e+00,4.862471222877502441e-01,-7.492644786834716797e-01,3.912725150585174561e-01,-1.223395824432373047e+00,1.316461205482482910e+00
-1.500316023826599121e+00,5.811723470687866211e-01,-6.675637364387512207e-01,3.210777044296264648e-01,-1.355192661285400391e+00,1.279279112815856934e+00
-1.781426310539245605e+00,8.032434582710266113e-01,-4.391001760959625244e-01,1.318311244249343872e-01,-1.647092342376708984e+00,1.164606809616088867e+00
-1.887655854225158691e+00,8.876752853393554688e-01,-3.472055196762084961e-01,5.219664424657821655e-02,-1.755654096603393555e+00,1.107043027877807617e+00
-1.410026311874389648e+00,4.715845286846160889e-01,-8.193370699882507324e-01,4.168895483016967773e-01,-1.227779626846313477e+00,1.304480075836181641e+00
-5.585864186286926270e-01,-1.504518836736679077e-01,-1.306100606918334961e+00,7.831439375877380371e-01,-3.460292816162109375e-01,1.339586257934570312e+00
-3.947656750679016113e-01,-2.812777459621429443e-01,-1.410248637199401855e+00,8.449027538299560547e-01,-1.618093252182006836e-01,1.303669452667236328e+00
-9.876226782798767090e-01,1.943203434348106384e-02,-1.365368723869323730e+00,7.313755750656127930e-01,-6.518080830574035645e-01,1.333906173706054688e+00
-1.510054111480712891e+00,2.952182292938232422e-01,-1.275655746459960938e+00,6.167293787002563477e-01,-1.102489948272705078e+00,1.264567613601684570e+00
-1.451717138290405273e+00,2.802955806255340576e-01,-1.254856228828430176e+00,6.154359579086303711e-01,-1.067556977272033691e+00,1.279154181480407715e+00
-1.045892000198364258e+00,1.183969751000404358e-01,-1.219029188156127930e+00,6.645385622978210449e-01,-7.704319357872009277e-01,1.345619082450866699e+00
-6.976292729377746582e-01,-2.006127126514911652e-02,-1.175176262855529785e+00,7.116591930389404297e-01,-5.203606486320495605e-01,1.365122199058532715e+00
-9.114633202552795410e-01,8.506795018911361694e-02,-1.162405371665954590e+00,6.661654710769653320e-01,-6.931185722351074219e-01,1.361641287803649902e+00
-1.607010483741760254e+00,4.311860799789428711e-01,-1.081401944160461426e+00,5.099610686302185059e-01,-1.267663955688476562e+00,1.244903326034545898e+00
-2.145463943481445312e+00,7.132436037063598633e-01,-9.514645338058471680e-01,3.616664707660675049e-01,-1.733148097991943359e+00,1.021081328392028809e+00
-1.931649446487426758e+00,5.374337434768676758e-01,-1.140514731407165527e+00,4.944524765014648438e-01,-1.489230036735534668e+00,1.129350781440734863e+00
-1.275128245353698730e+00,6.020715832710266113e-02,-1.540893793106079102e+00,7.605241537094116211e-01,-7.830346226692199707e-01,1.287606120109558105e+00
-7.834149599075317383e-01,-2.679003477096557617e-01,-1.743493556976318359e+00,8.888869881629943848e-01,-2.790164351463317871e-01,1.275536298751831055e+00
-9.366214871406555176e-01,-1.350902765989303589e-01,-1.624260902404785156e+00,8.320445418357849121e-01,-4.707190394401550293e-01,1.299817919731140137e+00
-1.114958763122558594e+00,2.368244342505931854e-02,-1.471756696701049805e+00,7.535067796707153320e-01,-6.954005360603332520e-01,1.312300443649291992e+00
-1.426612496376037598e+00,2.762610316276550293e-01,-1.240926742553710938e+00,6.127907037734985352e-01,-1.054891347885131836e+00,1.285420656204223633e+00
-1.960183024406433105e+00,7.469898462295532227e-01,-7.217677235603332520e-01,2.578273713588714600e-01,-1.683266997337341309e+00,1.100181579589843750e+00
-2.242697477340698242e+00,1.004605054855346680e+00,-3.985958099365234375e-01,4.340126644819974899e-03,-2.004333496093750000e+00,9.085138440132141113e-01
-2.238755941390991211e+00,8.294798731803894043e-01,-7.807978987693786621e-01,2.465299367904663086e-01,-1.870755791664123535e+00,9.552180767059326172e-01
-2.202057600021362305e+00,6.078532934188842773e-01,-1.217131018638610840e+00,5.081585049629211426e-01,-1.659326314926147461e+00,1.005157351493835449e+00
-2.124082803726196289e+00,5.807066559791564941e-01,-1.210124969482421875e+00,5.112555027008056641e-01,-1.603541135787963867e+00,1.044244289398193359e+00
-1.923266410827636719e+00,6.257542371749877930e-01,-9.488850235939025879e-01,3.918929696083068848e-01,-1.566008210182189941e+00,1.128092527389526367e+00
-1.770446419715881348e+00,6.536747813224792480e-01,-7.560110688209533691e-01,3.125053346157073975e-01,-1.526879668235778809e+00,1.185266852378845215e+00
-1.615725040435791016e+00,6.483286619186401367e-01,-6.280378699302673340e-01,2.748856246471405029e-01,-1.457229495048522949e+00,1.239964723587036133e+00
-1.257351756095886230e+00,6.236481666564941406e-01,-3.446606695652008057e-01,2.138929665088653564e-01,-1.283254981040954590e+00,1.347038984298706055e+00
-1.010743141174316406e+00,5.948882699012756348e-01,-1.657924950122833252e-01,1.941218376159667969e-01,-1.153325319290161133e+00,1.406019926071166992e+00
-9.192566275596618652e-01,5.099717378616333008e-01,-2.641440033912658691e-01,2.705290913581848145e-01,-1.054064631462097168e+00,1.421604394912719727e+00
-7.511841058731079102e-01,3.645982742309570312e-01,-4.163809716701507568e-01,3.906712830066680908e-01,-8.760977983474731445e-01,1.437315106391906738e+00
-7.900022268295288086e-01,3.076710104942321777e-01,-5.786525011062622070e-01,4.517609477043151855e-01,-8.470706343650817871e-01,1.422956943511962891e+00
-1.308483004570007324e+00,2.599871158599853516e-01,-1.168792724609375000e+00,5.989758968353271484e-01,-9.979057312011718750e-01,1.313303589820861816e+00
-1.858729839324951172e+00,9.643332660198211670e-02,-1.951911926269531250e+00,8.962082266807556152e-01,-9.913411736488342285e-01,1.128420233726501465e+00
-1.960413813591003418e+00,9.959848970174789429e-02,-2.023412466049194336e+00,9.289685487747192383e-01,-1.022192835807800293e+00,1.091088533401489258e+00
-1.945144653320312500e+00,3.030176758766174316e-01,-1.623368859291076660e+00,7.402657866477966309e-01,-1.255698084831237793e+00,1.119682788848876953e+00
-1.903439521789550781e+00,4.654677808284759521e-01,-1.264730572700500488e+00,5.629335045814514160e-01,-1.409824490547180176e+00,1.141637086868286133e+00
-1.900677919387817383e+00,5.389531850814819336e-01,-1.111263871192932129e+00,4.828282594680786133e-01,-1.478804111480712891e+00,1.141623616218566895e+00
-1.893701553344726562e+00,7.412693500518798828e-01,-6.759103536605834961e-01,2.440051436424255371e-01,-1.649990320205688477e+00,1.128645062446594238e+00
-1.853078365325927734e+00,9.108434319496154785e-01,-2.633785903453826904e-01,1.000531855970621109e-02,-1.754959225654602051e+00,1.116576194763183594e+00
-1.889675378799438477e+00,9.601295590400695801e-01,-1.848945021629333496e-01,-4.773201420903205872e-02,-1.804579734802246094e+00,1.089860677719116211e+00
-1.963581085205078125e+00,1.016644835472106934e+00,-1.230851188302040100e-01,-1.064054816961288452e-01,-1.876140117645263672e+00,1.042250514030456543e+00
-2.041283845901489258e+00,1.016564846038818359e+00,-1.939217001199722290e-01,-8.136048167943954468e-02,-1.914500355720520020e+00,1.006325602531433105e+00
-2.188227891921997070e+00,9.211547374725341797e-01,-5.379370450973510742e-01,1.044347509741783142e-01,-1.919218182563781738e+00,9.603474736213684082e-01
-2.303570270538330078e+00,8.286671638488769531e-01,-8.359777331352233887e-01,2.712490856647491455e-01,-1.898250818252563477e+00,9.211099147796630859e-01
-1.795856714248657227e+00,5.749792456626892090e-01,-9.459261894226074219e-01,4.103703498840332031e-01,-1.470382213592529297e+00,1.180323481559753418e+00
-1.003379821777343750e+00,2.170518934726715088e-01,-9.764825701713562012e-01,5.724108219146728516e-01,-8.494477868080139160e-01,1.371668934822082520e+00
-8.988053798675537109e-01,1.094297617673873901e-01,-1.100666999816894531e+00,6.442520022392272949e-01,-7.123518586158752441e-01,1.369026422500610352e+00
-1.425109267234802246e+00,1.681927591562271118e-01,-1.457325220108032227e+00,7.083548307418823242e-01,-9.446814060211181641e-01,1.271364092826843262e+00
-1.761093497276306152e+00,2.198391258716583252e-01,-1.637916445732116699e+00,7.576885223388671875e-01,-1.106137871742248535e+00,1.179025650024414062e+00
-1.597497582435607910e+00,3.781731128692626953e-01,-1.182513713836669922e+00,5.606065988540649414e-01,-1.214222788810729980e+00,1.245302200317382812e+00
-1.358395457267761230e+00,5.230618119239807129e-01,-6.611743569374084473e-01,3.496844768524169922e-01,-1.249671220779418945e+00,1.320019721984863281e+00
-9.646412134170532227e-01,2.608340084552764893e-01,-8.480677008628845215e-01,5.259107351303100586e-01,-8.745157122611999512e-01,1.385852217674255371e+00
-6.433745622634887695e-01,2.282273918390274048e-01,-6.039722561836242676e-01,5.015952587127685547e-01,-7.253648042678833008e-01,1.430764436721801758e+00
-8.085731267929077148e-01,2.397004812955856323e-01,-7.422856688499450684e-01,5.173126459121704102e-01,-7.978150844573974609e-01,1.408863544464111328e+00
-1.117488861083984375e+00,3.669438958168029785e-01,-7.687649726867675781e-01,4.561630785465240479e-01,-1.024179220199584961e+00,1.369076728820800781e+00
-1.502548098564147949e+00,5.293284654617309570e-01,-7.810288071632385254e-01,3.787895441055297852e-01,-1.313567996025085449e+00,1.278973698616027832e+00
-1.379360556602478027e+00,4.645092785358428955e-01,-8.061453700065612793e-01,4.167711436748504639e-01,-1.209626078605651855e+00,1.312591910362243652e+00
-7.856090664863586426e-01,1.874624341726303101e-01,-8.303938508033752441e-01,5.594874024391174316e-01,-7.440328598022460938e-01,1.402658343315124512e+00
-3.099222183227539062e-01,-2.491182275116443634e-02,-8.063896298408508301e-01,6.666109561920166016e-01,-3.868412375450134277e-01,1.400231719017028809e+00
-6.309438943862915039e-01,1.294918805360794067e-01,-8.014620542526245117e-01,5.847911238670349121e-01,-6.368866562843322754e-01,1.411379575729370117e+00
-1.417100548744201660e+00,5.312750935554504395e-01,-6.981809735298156738e-01,3.550744950771331787e-01,-1.280420064926147461e+00,1.303878188133239746e+00
-1.937463164329528809e+00,8.207556605339050293e-01,-5.407866835594177246e-01,1.566104143857955933e-01,-1.730486750602722168e+00,1.098558068275451660e+00
-2.064197778701782227e+00,7.239403724670410156e-01,-8.606190085411071777e-01,3.205530345439910889e-01,-1.708500981330871582e+00,1.057515740394592285e+00
-2.198878526687622070e+00,5.276206135749816895e-01,-1.377802014350891113e+00,5.983337759971618652e-01,-1.579191803932189941e+00,1.011894822120666504e+00
-2.071325302124023438e+00,4.007619321346282959e-01,-1.530817031860351562e+00,6.873214244842529297e-01,-1.402838587760925293e+00,1.071949839591979980e+00
-1.784024000167846680e+00,3.249708414077758789e-01,-1.449061155319213867e+00,6.669119596481323242e-01,-1.226226687431335449e+00,1.180729269981384277e+00
-1.481444358825683594e+00,5.477942228317260742e-01,-7.221084833145141602e-01,3.532261848449707031e-01,-1.320291876792907715e+00,1.285288095474243164e+00
-1.622778296470642090e+00,1.033405303955078125e+00,2.396756410598754883e-01,-2.328733205795288086e-01,-1.712014555931091309e+00,1.177086353302001953e+00
-1.777754783630371094e+00,8.810415863990783691e-01,-2.613574564456939697e-01,2.819076739251613617e-02,-1.699383378028869629e+00,1.152868390083312988e+00
-1.913252592086791992e+00,6.470318436622619629e-01,-8.952454328536987305e-01,3.638825416564941406e-01,-1.580407738685607910e+00,1.130508542060852051e+00
-9.589374065399169922e-01,3.356858789920806885e-01,-6.836330294609069824e-01,4.550524353981018066e-01,-9.362500309944152832e-01,1.397461771965026855e+00
-1.475276589393615723e+00,8.213921189308166504e-01,-1.103500425815582275e-01,2.409072965383529663e-02,-1.516922235488891602e+00,1.269600152969360352e+00
-1.539731383323669434e+00,8.739347457885742188e-01,-5.226653069257736206e-02,-2.875516377389431000e-02,-1.580663323402404785e+00,1.240686655044555664e+00
-1.509876012802124023e+00,7.459293007850646973e-01,-3.141334652900695801e-01,1.291364878416061401e-01,-1.482909321784973145e+00,1.267049551010131836e+00
-1.574948906898498535e+00,4.724155366420745850e-01,-9.669405817985534668e-01,4.585652053356170654e-01,-1.292955398559570312e+00,1.256140470504760742e+00
-1.533040881156921387e+00,1.064319685101509094e-01,-1.670748114585876465e+00,7.886410355567932129e-01,-9.109719991683959961e-01,1.232574820518493652e+00
-1.491800546646118164e+00,1.403834372758865356e-01,-1.569569230079650879e+00,7.492732405662536621e-01,-9.359267354011535645e-01,1.249450922012329102e+00
-1.362185359001159668e+00,3.950391113758087158e-01,-9.372445344924926758e-01,4.832726716995239258e-01,-1.142548441886901855e+00,1.313261032104492188e+00
-1.202056169509887695e+00,5.490607023239135742e-01,-4.559606015682220459e-01,2.854718863964080811e-01,-1.204461812973022461e+00,1.360860943794250488e+00
-1.116464138031005859e+00,4.965903162956237793e-01,-4.881348907947540283e-01,3.238369524478912354e-01,-1.128424525260925293e+00,1.379177331924438477e+00
-9.094135761260986328e-01,3.316184878349304199e-01,-6.442829370498657227e-01,4.498130381107330322e-01,-9.135131239891052246e-01,1.406040549278259277e+00
-7.557139396667480469e-01,2.153898924589157104e-01,-7.422807812690734863e-01,5.302647352218627930e-01,-7.572060227394104004e-01,1.412498354911804199e+00
-9.001416563987731934e-01,3.645227551460266113e-01,-5.643231272697448730e-01,4.163565337657928467e-01,-9.364570379257202148e-01,1.411891579627990723e+00
-1.099215269088745117e+00,5.967438817024230957e-01,-2.497764080762863159e-01,2.101040929555892944e-01,-1.194182634353637695e+00,1.386129021644592285e+00
-1.125210404396057129e+00,6.204193830490112305e-01,-2.224646061658859253e-01,1.884807795286178589e-01,-1.222159743309020996e+00,1.380080819129943848e+00
-9.549602270126342773e-01,3.842819333076477051e-01,-5.752221941947937012e-01,4.070300459861755371e-01,-9.742383956909179688e-01,1.403944611549377441e+00
-7.589436173439025879e-01,1.599010974168777466e-01,-8.624590039253234863e-01,5.787413120269775391e-01,-7.099638581275939941e-01,1.400976419448852539e+00
-7.142569422721862793e-01,1.553825139999389648e-01,-8.285287618637084961e-01,5.755358934402465820e-01,-6.898103952407836914e-01,1.406292676925659180e+00
-6.573370695114135742e-01,1.856164038181304932e-01,-7.087869644165039062e-01,5.410923957824707031e-01,-6.950631737709045410e-01,1.420337557792663574e+00
-6.407203674316406250e-01,1.357043385505676270e-01,-7.979874610900878906e-01,5.810363888740539551e-01,-6.458719968795776367e-01,1.411587953567504883e+00
-6.067037582397460938e-01,-8.660137653350830078e-02,-1.223518610000610352e+00,7.462856769561767578e-01,-4.255492985248565674e-01,1.355625629425048828e+00
-5.199449658393859863e-01,-3.035672307014465332e-01,-1.571729421615600586e+00,8.720936775207519531e-01,-1.710258871316909790e-01,1.286554336547851562e+00
-8.467742204666137695e-01,-1.659352146089076996e-02,-1.308107614517211914e+00,7.329828739166259766e-01,-5.709789395332336426e-01,1.346509933471679688e+00
-1.362259268760681152e+00,5.625281929969787598e-01,-5.792841315269470215e-01,3.074670433998107910e-01,-1.282640337944030762e+00,1.319361090660095215e+00
-1.557362794876098633e+00,8.715106844902038574e-01,-7.484699040651321411e-02,-2.077835239470005035e-02,-1.587729692459106445e+00,1.235106229782104492e+00
-8.480123281478881836e-01,1.274745464324951172e-01,-1.015469074249267578e+00,6.205985546112060547e-01,-7.119407653808593750e-01,1.380874514579772949e+00
-1.485453128814697266e+00,5.655044317245483398e-01,-6.876768469810485840e-01,3.347197175025939941e-01,-1.336382031440734863e+00,1.283982872962951660e+00
-1.743640303611755371e+00,7.320935130119323730e-01,-5.617143511772155762e-01,2.103729993104934692e-01,-1.577433347702026367e+00,1.188019394874572754e+00
-1.739156723022460938e+00,6.482833623886108398e-01,-7.397250533103942871e-01,3.096806108951568604e-01,-1.509358048439025879e+00,1.197087764739990234e+00
-1.775979280471801758e+00,8.443730473518371582e-01,-3.423105776309967041e-01,7.663282752037048340e-02,-1.673660874366760254e+00,1.160162568092346191e+00
-2.128734827041625977e+00,6.708570122718811035e-01,-1.026853799819946289e+00,4.073472917079925537e-01,-1.688853859901428223e+00,1.034153461456298828e+00
-2.108192682266235352e+00,4.541451334953308105e-01,-1.453768134117126465e+00,6.448755264282226562e-01,-1.471605062484741211e+00,1.056024193763732910e+00
-1.696385264396667480e+00,2.559773921966552734e-01,-1.513456821441650391e+00,7.052326798439025879e-01,-1.124740958213806152e+00,1.204248666763305664e+00
-1.446971297264099121e+00,1.515261381864547729e-01,-1.509276866912841797e+00,7.281302809715270996e-01,-9.339745640754699707e-01,1.263094544410705566e+00
-1.352380394935607910e+00,1.955977082252502441e-01,-1.338839769363403320e+00,6.666811108589172363e-01,-9.492741823196411133e-01,1.293743252754211426e+00
-1.226760506629943848e+00,2.424548864364624023e-01,-1.130785107612609863e+00,5.961301326751708984e-01,-9.524624943733215332e-01,1.329950451850891113e+00
-1.159343481063842773e+00,2.088490687310695648e-02,-1.516723752021789551e+00,7.650475502014160156e-01,-7.057986855506896973e-01,1.303124904632568359e+00
-1.366934776306152344e+00,7.945534773170948029e-03,-1.721831917762756348e+00,8.230191469192504883e-01,-7.518180012702941895e-01,1.255624532699584961e+00
-1.468247890472412109e+00,9.130512177944183350e-02,-1.645757436752319336e+00,7.835686206817626953e-01,-8.749096393585205078e-01,1.247282981872558594e+00
-1.389748334884643555e+00,4.379619657993316650e-01,-8.720191717147827148e-01,4.466689229011535645e-01,-1.190886378288269043e+00,1.308558464050292969e+00
-1.165413498878479004e+00,7.043436169624328613e-01,-7.267472892999649048e-02,9.766433387994766235e-02,-1.296181440353393555e+00,1.368196010589599609e+00
-1.300795793533325195e+00,7.221057415008544922e-01,-1.661823987960815430e-01,1.067909672856330872e-01,-1.370693922042846680e+00,1.331339955329895020e+00
-1.586972951889038086e+00,6.815141439437866211e-01,-5.291278362274169922e-01,2.279196232557296753e-01,-1.470472574234008789e+00,1.247359871864318848e+00
-1.759148359298706055e+00,6.230933666229248047e-01,-8.115383982658386230e-01,3.447713553905487061e-01,-1.496820449829101562e+00,1.191432118415832520e+00
-1.901757597923278809e+00,5.131355524063110352e-01,-1.165564537048339844e+00,5.113961696624755859e-01,-1.455028176307678223e+00,1.141855597496032715e+00
-1.992936611175537109e+00,4.202236533164978027e-01,-1.429559946060180664e+00,6.398619413375854492e-01,-1.396323919296264648e+00,1.105437755584716797e+00
-1.905658364295959473e+00,5.012772083282470703e-01,-1.193255305290222168e+00,5.254684686660766602e-01,-1.445229172706604004e+00,1.140529513359069824e+00
-1.627680659294128418e+00,6.803559064865112305e-01,-5.691760778427124023e-01,2.403616160154342651e-01,-1.487275719642639160e+00,1.233825683593750000e+00
-1.397863507270812988e+00,7.769415974617004395e-01,-1.365223973989486694e-01,6.176031008362770081e-02,-1.451814651489257812e+00,1.298734784126281738e+00
-1.290948629379272461e+00,7.100358605384826660e-01,-1.838340312242507935e-01,1.192459687590599060e-01,-1.358142852783203125e+00,1.334809541702270508e+00
-9.013774991035461426e-01,4.425438642501831055e-01,-3.954451680183410645e-01,3.382959365844726562e-01,-9.972833991050720215e-01,1.419915795326232910e+00
-5.012332797050476074e-01,1.934777200222015381e-01,-5.358907580375671387e-01,5.125982761383056641e-01,-6.424026489257812500e-01,1.441041588783264160e+00
-1.100002884864807129e+00,2.373992502689361572e-01,-1.024579882621765137e+00,5.735526680946350098e-01,-9.027851819992065430e-01,1.356233477592468262e+00
-1.276773095130920410e+00,3.056133687496185303e-01,-1.045910120010375977e+00,5.495370030403137207e-01,-1.029641985893249512e+00,1.326384067535400391e+00
-1.423755288124084473e+00,3.998412489891052246e-01,-9.831816554069519043e-01,4.935571253299713135e-01,-1.170164585113525391e+00,1.297119498252868652e+00
-1.551199674606323242e+00,5.597593188285827637e-01,-7.602825164794921875e-01,3.582099676132202148e-01,-1.358702301979064941e+00,1.263944387435913086e+00
-1.642800807952880859e+00,6.680269241333007812e-01,-6.099263429641723633e-01,2.591656148433685303e-01,-1.484248280525207520e+00,1.229570388793945312e+00
-1.641079425811767578e+00,4.980679452419281006e-01,-9.718435406684875488e-01,4.496084749698638916e-01,-1.341433405876159668e+00,1.235434770584106445e+00
-1.574288249015808105e+00,1.904926300048828125e-01,-1.540624856948852539e+00,7.287695407867431641e-01,-1.015730142593383789e+00,1.233841180801391602e+00
-1.551806569099426270e+00,1.359339803457260132e-01,-1.628923773765563965e+00,7.692834734916687012e-01,-9.493734240531921387e-01,1.232220649719238281e+00
-1.613916039466857910e+00,4.756940007209777832e-01,-9.947072267532348633e-01,4.657508432865142822e-01,-1.310904979705810547e+00,1.243939876556396484e+00
-1.558049321174621582e+00,8.168529272079467773e-01,-2.001859992742538452e-01,5.170082673430442810e-02,-1.553206205368041992e+00,1.243075489997863770e+00
-1.468599200248718262e+00,8.284239768981933594e-01,-8.780260384082794189e-02,1.317164953798055649e-02,-1.518160581588745117e+00,1.270803093910217285e+00
-1.074882626533508301e+00,5.017275214195251465e-01,-4.364058971405029297e-01,3.097721338272094727e-01,-1.114809632301330566e+00,1.388721823692321777e+00
-5.011097192764282227e-01,9.357632696628570557e-02,-7.487199902534484863e-01,5.966465473175048828e-01,-5.586459636688232422e-01,1.417384028434753418e+00
-5.737090110778808594e-01,7.658316195011138916e-02,-8.562350869178771973e-01,6.198454499244689941e-01,-5.695434212684631348e-01,1.405255436897277832e+00
-9.508928060531616211e-01,2.097466439008712769e-01,-9.421313405036926270e-01,5.689284205436706543e-01,-8.239207267761230469e-01,1.379890799522399902e+00
-1.158606410026550293e+00,2.613296806812286377e-01,-1.029247164726257324e+00,5.642523765563964844e-01,-9.459448456764221191e-01,1.347527384757995605e+00
-1.248538136482238770e+00,2.366641014814376831e-01,-1.162461400032043457e+00,6.061975359916687012e-01,-9.545349478721618652e-01,1.324208617210388184e+00
-1.308375239372253418e+00,2.072992324829101562e-01,-1.276140213012695312e+00,6.459684371948242188e-01,-9.463143944740295410e-01,1.306063890457153320e+00
-1.311249732971191406e+00,1.468643099069595337e-01,-1.400452375411987305e+00,6.985005140304565430e-01,-8.859383463859558105e-01,1.295757532119750977e+00
-1.309094786643981934e+00,7.443253695964813232e-02,-1.542434453964233398e+00,7.572490572929382324e-01,-8.086842298507690430e-01,1.282884836196899414e+00
-1.339143276214599609e+00,1.856708675622940063e-01,-1.347151160240173340e+00,6.720954179763793945e-01,-9.348207712173461914e-01,1.295450091361999512e+00
-1.356017947196960449e+00,3.128149211406707764e-01,-1.102905154228210449e+00,5.613820552825927734e-01,-1.065035820007324219e+00,1.307670593261718750e+00
-9.083777666091918945e-01,5.461040139198303223e-01,-1.724069267511367798e-01,2.290597259998321533e-01,-1.074417829513549805e+00,1.425726890563964844e+00
-7.845977544784545898e-01,4.387540519237518311e-01,-2.867587804794311523e-01,3.216514587402343750e-01,-9.451021552085876465e-01,1.440529942512512207e+00
-7.494252920150756836e-01,4.043882191181182861e-01,-3.271978497505187988e-01,3.508227467536926270e-01,-9.051601290702819824e-01,1.442619800567626953e+00
-9.505079388618469238e-01,5.399415493011474609e-01,-2.286273688077926636e-01,2.438114881515502930e-01,-1.088811278343200684e+00,1.416961431503295898e+00
-1.208505392074584961e+00,7.262355685234069824e-01,-6.569809466600418091e-02,8.042199164628982544e-02,-1.330308318138122559e+00,1.355972051620483398e+00
-1.635425448417663574e+00,5.977036356925964355e-01,-7.552751302719116211e-01,3.385411202907562256e-01,-1.424685359001159668e+00,1.235796570777893066e+00
-1.630594015121459961e+00,8.696528077125549316e-01,-1.491490304470062256e-01,1.640270464122295380e-03,-1.621853351593017578e+00,1.209890961647033691e+00
-1.335515856742858887e+00,5.603410601615905762e-01,-5.588040947914123535e-01,3.035125434398651123e-01,-1.269680619239807129e+00,1.326642990112304688e+00
-9.095013737678527832e-01,1.080946102738380432e-01,-1.113449096679687500e+00,6.472471952438354492e-01,-7.146987915039062500e-01,1.367017984390258789e+00
-1.008111119270324707e+00,7.236493378877639771e-02,-1.277654767036437988e+00,6.942433118820190430e-01,-7.122396826744079590e-01,1.342667698860168457e+00
-1.482920050621032715e+00,2.313096374273300171e-01,-1.381169319152832031e+00,6.680381894111633301e-01,-1.028954386711120605e+00,1.264913201332092285e+00
-1.736751556396484375e+00,3.238508403301239014e-01,-1.411878228187561035e+00,6.535823345184326172e-01,-1.209093809127807617e+00,1.196857571601867676e+00
-1.572505593299865723e+00,3.259195983409881592e-01,-1.267585277557373047e+00,6.045092344284057617e-01,-1.154555082321166992e+00,1.249176859855651855e+00
-1.377336502075195312e+00,3.230334818363189697e-01,-1.100996136665344238e+00,5.568804144859313965e-01,-1.082330822944641113e+00,1.303241133689880371e+00
-1.433065533638000488e+00,3.946305215358734131e-01,-1.002488374710083008e+00,5.010746717453002930e-01,-1.168957471847534180e+00,1.294228672981262207e+00
-1.645268797874450684e+00,5.626796483993530273e-01,-8.389814496040344238e-01,3.805272281169891357e-01,-1.399362564086914062e+00,1.233546495437622070e+00
-1.766002655029296875e+00,6.631388068199157715e-01,-7.316860556602478027e-01,3.000511825084686279e-01,-1.532745957374572754e+00,1.186191797256469727e+00
-1.797948479652404785e+00,5.319281816482543945e-01,-1.038086175918579102e+00,4.586508572101593018e-01,-1.432751893997192383e+00,1.180842757225036621e+00
-1.806923270225524902e+00,3.681783676147460938e-01,-1.381469488143920898e+00,6.318180561065673828e-01,-1.278479456901550293e+00,1.175190687179565430e+00
-1.523137807846069336e+00,2.358455806970596313e-01,-1.406806349754333496e+00,6.746214032173156738e-01,-1.046937465667724609e+00,1.254314541816711426e+00
-1.022872805595397949e+00,6.800211220979690552e-02,-1.299975991249084473e+00,7.005512118339538574e-01,-7.125951051712036133e-01,1.339114904403686523e+00
-8.627759814262390137e-01,1.336674299091100693e-02,-1.262613773345947266e+00,7.133501768112182617e-01,-6.063536405563354492e-01,1.351984381675720215e+00
-9.900954961776733398e-01,5.684661492705345154e-02,-1.292456150054931641e+00,7.030046582221984863e-01,-6.908078193664550781e-01,1.342285037040710449e+00
-1.105169415473937988e+00,1.946017742156982422e-01,-1.117763519287109375e+00,6.122641563415527344e-01,-8.644234538078308105e-01,1.348328351974487305e+00
-1.185261130332946777e+00,4.220944643020629883e-01,-7.152407765388488770e-01,4.157443940639495850e-01,-1.097066521644592285e+00,1.358781337738037109e+00
-1.314182281494140625e+00,4.607693552970886230e-01,-7.536494135856628418e-01,4.051484763622283936e-01,-1.180585980415344238e+00,1.329625487327575684e+00
-1.450606822967529297e+00,3.255740106105804443e-01,-1.161266207695007324e+00,5.726996064186096191e-01,-1.111081838607788086e+00,1.284001827239990234e+00
-1.825800776481628418e+00,6.926972866058349609e-01,-7.210590839385986328e-01,2.826011180877685547e-01,-1.582010030746459961e+00,1.161024093627929688e+00
-1.936634659767150879e+00,7.886105775833129883e-01,-6.106159090995788574e-01,1.978181302547454834e-01,-1.705732464790344238e+00,1.104154348373413086e+00
-1.215909481048583984e+00,4.163488447666168213e-01,-7.564468383789062500e-01,4.282470047473907471e-01,-1.104389071464538574e+00,1.351181387901306152e+00
-1.202491283416748047e+00,2.703696489334106445e-01,-1.050951123237609863e+00,5.654972195625305176e-01,-9.701094627380371094e-01,1.339178681373596191e+00
-7.605108022689819336e-01,1.189870387315750122e-01,-9.494160413742065430e-01,6.131129860877990723e-01,-6.735847592353820801e-01,1.391896367073059082e+00
-7.466796040534973145e-01,-1.307816617190837860e-02,-1.207407236099243164e+00,7.140269279479980469e-01,-5.429539084434509277e-01,1.360964894294738770e+00
-7.112286090850830078e-01,-1.497428715229034424e-01,-1.447822570800781250e+00,8.041350245475769043e-01,-3.913792073726654053e-01,1.324373364448547363e+00
-1.252865314483642578e+00,1.565810292959213257e-01,-1.329162955284118652e+00,6.767686009407043457e-01,-8.769142031669616699e-01,1.310716032981872559e+00
-9.034787416458129883e-01,3.678887384012341499e-03,-1.319811582565307617e+00,7.277796864509582520e-01,-6.093739271163940430e-01,1.343429923057556152e+00
-6.141291260719299316e-01,-1.216758936643600464e-01,-1.301102280616760254e+00,7.713898420333862305e-01,-3.922293782234191895e-01,1.343772411346435547e+00
-8.648301959037780762e-01,6.894090771675109863e-02,-1.151676774024963379e+00,6.707621216773986816e-01,-6.619517207145690918e-01,1.365220427513122559e+00
-1.296139597892761230e+00,4.165968000888824463e-01,-8.309028744697570801e-01,4.461209774017333984e-01,-1.136011242866516113e+00,1.331658363342285156e+00
-1.591749787330627441e+00,5.418090224266052246e-01,-8.353371024131774902e-01,3.888165056705474854e-01,-1.360048532485961914e+00,1.251328110694885254e+00
-1.705866932868957520e+00,6.477885842323303223e-01,-7.109541893005371094e-01,3.006803989410400391e-01,-1.494973897933959961e+00,1.209027528762817383e+00
-1.832075119018554688e+00,7.705569863319396973e-01,-5.571256875991821289e-01,1.885345876216888428e-01,-1.645658135414123535e+00,1.149518251419067383e+00
-1.588717579841613770e+00,6.494554281234741211e-01,-6.008218526840209961e-01,2.662441134452819824e-01,-1.446578621864318848e+00,1.248831748962402344e+00
-1.250463128089904785e+00,4.744039773941040039e-01,-6.645704507827758789e-01,3.763252496719360352e-01,-1.166195631027221680e+00,1.346367359161376953e+00
-1.243126630783081055e+00,4.891070127487182617e-01,-6.258960366249084473e-01,3.592137992382049561e-01,-1.175065159797668457e+00,1.348845720291137695e+00
-1.495807528495788574e+00,6.777037978172302246e-01,-4.525199532508850098e-01,2.084597498178482056e-01,-1.427691578865051270e+00,1.276831388473510742e+00
-1.678045868873596191e+00,8.223047852516174316e-01,-3.010847270488739014e-01,7.746157795190811157e-02,-1.612983107566833496e+00,1.200399279594421387e+00
-1.604995727539062500e+00,7.067860364913940430e-01,-4.902485609054565430e-01,2.024121433496475220e-01,-1.497366428375244141e+00,1.239383101463317871e+00
-1.455723047256469727e+00,5.108660459518432617e-01,-7.775925993919372559e-01,3.867249786853790283e-01,-1.279218554496765137e+00,1.292572617530822754e+00
-1.367180109024047852e+00,4.948758184909820557e-01,-7.299973368644714355e-01,3.819459080696105957e-01,-1.230218172073364258e+00,1.316960811614990234e+00
-1.476842880249023438e+00,5.987007021903991699e-01,-6.078406572341918945e-01,2.953192293643951416e-01,-1.359279513359069824e+00,1.285996794700622559e+00
-1.648006796836853027e+00,5.906441807746887207e-01,-7.817442417144775391e-01,3.500097692012786865e-01,-1.424012064933776855e+00,1.231837153434753418e+00
-1.835662484169006348e+00,5.771301388740539551e-01,-9.759367108345031738e-01,4.200360178947448730e-01,-1.488098263740539551e+00,1.165328264236450195e+00
-1.887673616409301758e+00,6.847504973411560059e-01,-7.925766110420227051e-01,3.110964000225067139e-01,-1.601640582084655762e+00,1.137428641319274902e+00
-1.630237340927124023e+00,3.246893286705017090e-01,-1.319878935813903809e+00,6.217269301414489746e-01,-1.173434734344482422e+00,1.231451630592346191e+00
-1.463954329490661621e+00,1.736190468072891235e-01,-1.480051279067993164e+00,7.136919498443603516e-01,-9.627893567085266113e-01,1.262052416801452637e+00
-1.376654028892517090e+00,3.764094412326812744e-01,-9.894616603851318359e-01,5.051793456077575684e-01,-1.131290078163146973e+00,1.308094024658203125e+00
-1.200633764266967773e+00,5.749374628067016602e-01,-3.975925147533416748e-01,2.564735710620880127e-01,-1.223096489906311035e+00,1.361610412597656250e+00
-1.207399725914001465e+00,6.138860583305358887e-01,-3.178103864192962646e-01,2.138729989528656006e-01,-1.254217386245727539e+00,1.359969735145568848e+00
-1.395995020866394043e+00,6.219213008880615234e-01,-4.812645912170410156e-01,2.486414015293121338e-01,-1.342577576637268066e+00,1.309119701385498047e+00
-1.554847121238708496e+00,6.258843541145324707e-01,-6.209372878074645996e-01,2.845478355884552002e-01,-1.413679599761962891e+00,1.260949730873107910e+00
-1.807027459144592285e+00,8.827444911003112793e-01,-2.845562398433685303e-01,3.452941402792930603e-02,-1.714363336563110352e+00,1.140983462333679199e+00
-1.797411441802978516e+00,9.267621040344238281e-01,-1.757131516933441162e-01,-2.867815084755420685e-02,-1.738582253456115723e+00,1.135753870010375977e+00
-1.328556776046752930e+00,5.897010564804077148e-01,-4.880054891109466553e-01,2.690989077091217041e-01,-1.289237141609191895e+00,1.328485488891601562e+00
-8.888056874275207520e-01,3.067259490489959717e-01,-6.775621175765991211e-01,4.696760773658752441e-01,-8.849201202392578125e-01,1.406252145767211914e+00
-8.348041176795959473e-01,3.097804486751556396e-01,-6.182340979576110840e-01,4.573510885238647461e-01,-8.663883209228515625e-01,1.415930867195129395e+00
-1.097940564155578613e+00,4.404752552509307861e-01,-5.922893285751342773e-01,3.785822391510009766e-01,-1.076915979385375977e+00,1.379802465438842773e+00
-1.295209765434265137e+00,5.417286753654479980e-01,-5.611549615859985352e-01,3.145374953746795654e-01,-1.238249063491821289e+00,1.337150454521179199e+00
-1.344474434852600098e+00,5.245681405067443848e-01,-6.448742747306823730e-01,3.447373807430267334e-01,-1.245153546333312988e+00,1.323804259300231934e+00
-1.444732666015625000e+00,4.524453878402709961e-01,-8.916419148445129395e-01,4.454047083854675293e-01,-1.224879622459411621e+00,1.294053196907043457e+00
-1.510489106178283691e+00,3.941290378570556641e-01,-1.072917222976684570e+00,5.214049816131591797e-01,-1.197391390800476074e+00,1.272300601005554199e+00
-1.549021124839782715e+00,5.142221450805664062e-01,-8.554195165634155273e-01,4.072702229022979736e-01,-1.319384932518005371e+00,1.264766097068786621e+00
-1.576972007751464844e+00,6.900348663330078125e-01,-5.011421442031860352e-01,2.150463759899139404e-01,-1.472524046897888184e+00,1.250035166740417480e+00
-1.519455432891845703e+00,6.768766641616821289e-01,-4.765146076679229736e-01,2.155677378177642822e-01,-1.437469363212585449e+00,1.269473433494567871e+00
-1.334306001663208008e+00,4.695437848567962646e-01,-7.536445260047912598e-01,4.007487595081329346e-01,-1.195952892303466797e+00,1.324794411659240723e+00
-1.185839772224426270e+00,3.112841248512268066e-01,-9.503606557846069336e-01,5.239520072937011719e-01,-1.001450419425964355e+00,1.347992300987243652e+00
-1.228929281234741211e+00,2.897773683071136475e-01,-1.034977316856384277e+00,5.534784197807312012e-01,-9.976347088813781738e-01,1.335689544677734375e+00
-1.288864970207214355e+00,2.568481862545013428e-01,-1.157539606094360352e+00,5.972557067871093750e-01,-9.880146980285644531e-01,1.317582011222839355e+00
-1.332607150077819824e+00,3.400068581104278564e-01,-1.025324106216430664e+00,5.299527645111083984e-01,-1.081759929656982422e+00,1.316282749176025391e+00
-8.958955407142639160e-01,3.257689177989959717e-01,-6.436648964881896973e-01,4.529495835304260254e-01,-9.034118652343750000e-01,1.407670378684997559e+00
-1.170719265937805176e+00,5.712078213691711426e-01,-3.767661154270172119e-01,2.540977597236633301e-01,-1.207393646240234375e+00,1.368880987167358398e+00
-1.491107344627380371e+00,7.851939201354980469e-01,-2.078722715377807617e-01,7.486325502395629883e-02,-1.500921964645385742e+00,1.268952608108520508e+00
-1.364882469177246094e+00,6.357026696205139160e-01,-4.213338494300842285e-01,2.251727432012557983e-01,-1.339277386665344238e+00,1.317559599876403809e+00
-1.137517809867858887e+00,3.978023231029510498e-01,-7.219452857971191406e-01,4.299317598342895508e-01,-1.057967662811279297e+00,1.367626428604125977e+00
-1.070628166198730469e+00,3.140172064304351807e-01,-8.365947604179382324e-01,4.973147809505462646e-01,-9.607461094856262207e-01,1.372870445251464844e+00
-1.211101174354553223e+00,2.821744680404663086e-01,-1.034380674362182617e+00,5.565550923347473145e-01,-9.841542840003967285e-01,1.338782072067260742e+00
-1.407319664955139160e+00,2.215510755777359009e-01,-1.334864377975463867e+00,6.573953628540039062e-01,-9.938363432884216309e-01,1.283668875694274902e+00
-1.427022099494934082e+00,2.056951373815536499e-01,-1.384009003639221191e+00,6.763438582420349121e-01,-9.842244982719421387e-01,1.276395559310913086e+00
-1.361688971519470215e+00,2.169316262006759644e-01,-1.303983688354492188e+00,6.502379179000854492e-01,-9.738858342170715332e-01,1.294542908668518066e+00
-1.409989356994628906e+00,2.594899237155914307e-01,-1.260373950004577637e+00,6.239762306213378906e-01,-1.032646894454956055e+00,1.287829399108886719e+00
-1.652672052383422852e+00,3.770480751991271973e-01,-1.232676744461059570e+00,5.771669149398803711e-01,-1.232987999916076660e+00,1.227892875671386719e+00
-1.841926097869873047e+00,4.696345031261444092e-01,-1.204622268676757812e+00,5.390197634696960449e-01,-1.391262888908386230e+00,1.165098071098327637e+00
-1.432186126708984375e+00,4.152021408081054688e-01,-9.586368799209594727e-01,4.802539050579071045e-01,-1.187148928642272949e+00,1.295730471611022949e+00
-1.030928969383239746e+00,3.820576071739196777e-01,-6.536940336227416992e-01,4.238317310810089111e-01,-1.002797603607177734e+00,1.388736367225646973e+00
-1.484606623649597168e+00,6.147556900978088379e-01,-5.801197886466979980e-01,2.790296971797943115e-01,-1.375124812126159668e+00,1.283204913139343262e+00
-1.418499112129211426e+00,1.815695464611053467e-01,-1.424907326698303223e+00,6.951872110366821289e-01,-9.565283060073852539e-01,1.275097250938415527e+00
-1.441200971603393555e+00,1.491648405790328979e-01,-1.508994221687316895e+00,7.286389470100402832e-01,-9.296463131904602051e-01,1.264213562011718750e+00
-1.425874590873718262e+00,3.062452375888824463e-01,-1.178972601890563965e+00,5.847238898277282715e-01,-1.083751916885375977e+00,1.288820028305053711e+00
-1.341899156570434570e+00,5.046331882476806641e-01,-6.854574680328369141e-01,3.655298352241516113e-01,-1.227974772453308105e+00,1.324026346206665039e+00
-1.219730973243713379e+00,4.705509841442108154e-01,-6.437681913375854492e-01,3.734886050224304199e-01,-1.150590658187866211e+00,1.353689074516296387e+00
-9.058223962783813477e-01,1.687597483396530151e-01,-9.847490191459655762e-01,5.961129665374755859e-01,-7.704101204872131348e-01,1.380040645599365234e+00
-5.948837995529174805e-01,-9.578341245651245117e-02,-1.230793714523315430e+00,7.510476112365722656e-01,-4.126709103584289551e-01,1.353951215744018555e+00
-7.131311893463134766e-01,-6.300825625658035278e-02,-1.276649594306945801e+00,7.450733184814453125e-01,-4.822946786880493164e-01,1.350974202156066895e+00
-9.003033638000488281e-01,5.354362074285745621e-03,-1.313516020774841309e+00,7.259573340415954590e-01,-6.100895404815673828e-01,1.344339013099670410e+00
-1.065567255020141602e+00,1.062747240066528320e-01,-1.261656999588012695e+00,6.783511042594909668e-01,-7.648991942405700684e-01,1.339520692825317383e+00
-1.273935079574584961e+00,2.658826112747192383e-01,-1.125454902648925781e+00,5.856038928031921387e-01,-9.913763999938964844e-01,1.322270631790161133e+00
-1.322466135025024414e+00,4.558862149715423584e-01,-7.717950940132141113e-01,4.121445715427398682e-01,-1.179785251617431641e+00,1.327247738838195801e+00
-1.176227211952209473e+00,6.243314743041992188e-01,-2.639946043491363525e-01,1.949792504310607910e-01,-1.247711896896362305e+00,1.367660641670227051e+00
-1.412188529968261719e+00,4.087788760662078857e-01,-9.539688229560852051e-01,4.817414879798889160e-01,-1.173802137374877930e+00,1.300834894180297852e+00
-1.271732330322265625e+00,4.922481775283813477e-01,-6.461897492408752441e-01,3.623655438423156738e-01,-1.189296841621398926e+00,1.341822862625122070e+00
-9.266423583030700684e-01,3.472168445587158203e-01,-6.275483369827270508e-01,4.379842281341552734e-01,-9.330509901046752930e-01,1.404919385910034180e+00
-7.596048116683959961e-01,2.726274430751800537e-01,-6.240004897117614746e-01,4.793599545955657959e-01,-8.066678643226623535e-01,1.422126293182373047e+00
-1.175784707069396973e+00,4.037951827049255371e-01,-7.454020977020263672e-01,4.320995807647705078e-01,-1.078049302101135254e+00,1.359526515007019043e+00
-1.673062682151794434e+00,5.610356330871582031e-01,-8.672876358032226562e-01,3.901408016681671143e-01,-1.409153699874877930e+00,1.224243044853210449e+00
-1.969512104988098145e+00,7.944688200950622559e-01,-6.267274022102355957e-01,2.007533758878707886e-01,-1.724782347679138184e+00,1.089160442352294922e+00
-2.137064695358276367e+00,7.953008413314819336e-01,-7.692397832870483398e-01,2.553322315216064453e-01,-1.798735141754150391e+00,1.012483000755310059e+00
-2.155984163284301758e+00,8.213777542114257812e-01,-7.288877964019775391e-01,2.279696762561798096e-01,-1.828015804290771484e+00,9.985102415084838867e-01
-1.861165046691894531e+00,9.317998290061950684e-01,-2.232476919889450073e-01,-1.657504215836524963e-02,-1.772581577301025391e+00,1.108597278594970703e+00
-1.504519701004028320e+00,1.021724820137023926e+00,3.290434777736663818e-01,-2.480022907257080078e-01,-1.644107937812805176e+00,1.222284555435180664e+00
-1.369101762771606445e+00,9.159353375434875488e-01,2.135744690895080566e-01,-1.304649114608764648e-01,-1.519912242889404297e+00,1.288593530654907227e+00
-1.047663450241088867e+00,5.330975055694580078e-01,-3.405007123947143555e-01,2.703881859779357910e-01,-1.126343727111816406e+00,1.396141767501831055e+00
-6.992061138153076172e-01,2.072398960590362549e-01,-7.041246294975280762e-01,5.285642743110656738e-01,-7.290849089622497559e-01,1.419041514396667480e+00
-7.524397373199462891e-01,1.681321263313293457e-01,-8.388713002204895020e-01,5.707110762596130371e-01,-7.149105668067932129e-01,1.403621673583984375e+00
-1.029059410095214844e+00,1.030798852443695068e-01,-1.234683156013488770e+00,6.737099885940551758e-01,-7.497264742851257324e-01,1.345547676086425781e+00
-1.246443748474121094e+00,1.580680534243583679e-02,-1.603096008300781250e+00,7.882614731788635254e-01,-7.260555028915405273e-01,1.284228086471557617e+00
-1.320702195167541504e+00,3.786429762840270996e-02,-1.624222040176391602e+00,7.887606024742126465e-01,-7.721471190452575684e-01,1.272751808166503906e+00
-1.492824673652648926e+00,1.374675929546356201e-01,-1.576173901557922363e+00,7.519947886466979980e-01,-9.330745935440063477e-01,1.248704671859741211e+00
-1.627929091453552246e+00,2.164249420166015625e-01,-1.534511566162109375e+00,7.210357189178466797e-01,-1.060543060302734375e+00,1.221256375312805176e+00
-1.568389534950256348e+00,2.960273027420043945e-01,-1.324661493301391602e+00,6.316533088684082031e-01,-1.123400688171386719e+00,1.247752785682678223e+00
-1.330590486526489258e+00,4.692808389663696289e-01,-7.507467865943908691e-01,4.001463949680328369e-01,-1.194248199462890625e+00,1.325755715370178223e+00
-1.113585710525512695e+00,5.658804178237915039e-01,-3.327008485794067383e-01,2.478366494178771973e-01,-1.178667902946472168e+00,1.382319450378417969e+00
-1.205065131187438965e+00,5.078690648078918457e-01,-5.489168167114257812e-01,3.308072090148925781e-01,-1.174170732498168945e+00,1.358915448188781738e+00
-1.398928046226501465e+00,3.330140113830566406e-01,-1.099777579307556152e+00,5.526680350303649902e-01,-1.099514126777648926e+00,1.298555612564086914e+00
-1.800479650497436523e+00,2.365651726722717285e-01,-1.637236356735229492e+00,7.548918128013610840e-01,-1.136856436729431152e+00,1.167361497879028320e+00
-1.654462456703186035e+00,2.853006124496459961e-01,-1.419822931289672852e+00,6.658445000648498535e-01,-1.141641974449157715e+00,1.220475077629089355e+00
-1.404109239578247070e+00,3.457473218441009521e-01,-1.078082084655761719e+00,5.417309403419494629e-01,-1.113299608230590820e+00,1.298328042030334473e+00
-1.331317186355590820e+00,3.829073309898376465e-01,-9.344587326049804688e-01,4.879293739795684814e-01,-1.120042204856872559e+00,1.320319890975952148e+00
-1.415306806564331055e+00,4.532814621925354004e-01,-8.630155920982360840e-01,4.372044205665588379e-01,-1.214133977890014648e+00,1.302299976348876953e+00
-1.538144707679748535e+00,5.532600283622741699e-01,-7.623121142387390137e-01,3.619312942028045654e-01,-1.347978711128234863e+00,1.268074035644531250e+00
-1.752879619598388672e+00,7.163647413253784180e-01,-6.044775843620300293e-01,2.323292791843414307e-01,-1.569389224052429199e+00,1.186261057853698730e+00
-1.971469283103942871e+00,8.930404186248779297e-01,-4.106793105602264404e-01,7.108610123395919800e-02,-1.798547029495239258e+00,1.069829821586608887e+00
-2.053718328475952148e+00,8.467869162559509277e-01,-5.856932997703552246e-01,1.598764657974243164e-01,-1.802375435829162598e+00,1.042204380035400391e+00
-2.156463623046875000e+00,6.273336410522460938e-01,-1.140233755111694336e+00,4.688409566879272461e-01,-1.660070180892944336e+00,1.025427818298339844e+00
-2.198953151702880859e+00,4.470502734184265137e-01,-1.538661241531372070e+00,6.860827803611755371e-01,-1.495550870895385742e+00,1.014001131057739258e+00
-2.072780847549438477e+00,4.649541378021240234e-01,-1.403973579406738281e+00,6.207200884819030762e-01,-1.470254063606262207e+00,1.071648716926574707e+00
-1.688595652580261230e+00,5.165516138076782227e-01,-9.749642014503479004e-01,4.432047009468078613e-01,-1.376401305198669434e+00,1.219617366790771484e+00
-1.386532545089721680e+00,5.351815223693847656e-01,-6.613125801086425781e-01,3.433388769626617432e-01,-1.271027803421020508e+00,1.312483668327331543e+00
-1.319836258888244629e+00,5.045963525772094727e-01,-6.648572683334350586e-01,3.603666722774505615e-01,-1.218938231468200684e+00,1.329858899116516113e+00
-1.215062737464904785e+00,4.350436627864837646e-01,-7.156802415847778320e-01,4.091046750545501709e-01,-1.119661569595336914e+00,1.352699160575866699e+00
-1.233189821243286133e+00,4.194489419460296631e-01,-7.660742998123168945e-01,4.289518296718597412e-01,-1.113803505897521973e+00,1.347292780876159668e+00
-1.493540763854980469e+00,4.990866482257843018e-01,-8.372589349746704102e-01,4.089452624320983887e-01,-1.284365177154541016e+00,1.281328201293945312e+00
-1.101503133773803711e+00,2.140271961688995361e-01,-1.074351072311401367e+00,5.945621132850646973e-01,-8.815251588821411133e-01,1.352262973785400391e+00
-1.496774792671203613e+00,3.333508074283599854e-01,-1.186158537864685059e+00,5.771743059158325195e-01,-1.135024905204772949e+00,1.271841168403625488e+00
-1.893294334411621094e+00,4.498268365859985352e-01,-1.288151741027832031e+00,5.760834217071533203e-01,-1.390791296958923340e+00,1.145489454269409180e+00
-1.466459155082702637e+00,3.529029488563537598e-01,-1.119067072868347168e+00,5.505017042160034180e-01,-1.142720341682434082e+00,1.281965017318725586e+00
-1.844154119491577148e+00,8.771399259567260742e-01,-3.312551975250244141e-01,5.320304259657859802e-02,-1.728027939796447754e+00,1.127116441726684570e+00
-1.569499969482421875e+00,6.792212724685668945e-01,-5.179754495620727539e-01,2.259704172611236572e-01,-1.461119055747985840e+00,1.253255963325500488e+00
-1.031929135322570801e+00,3.266173005104064941e-01,-7.731106281280517578e-01,4.777024388313293457e-01,-9.568629860877990723e-01,1.382227301597595215e+00
-8.560456037521362305e-01,2.483685165643692017e-01,-7.700102925300598145e-01,5.176089406013488770e-01,-8.230942487716674805e-01,1.402699708938598633e+00
-1.008788108825683594e+00,4.087353944778442383e-01,-5.747317075729370117e-01,3.929395079612731934e-01,-1.015451312065124512e+00,1.395852446556091309e+00
-1.241532087326049805e+00,5.521014332771301270e-01,-4.872765541076660156e-01,2.909128665924072266e-01,-1.223573207855224609e+00,1.351095199584960938e+00
-1.450273990631103516e+00,6.270740032196044922e-01,-5.211129784584045410e-01,2.561756074428558350e-01,-1.369902729988098145e+00,1.293109893798828125e+00
-1.672209143638610840e+00,4.889331161975860596e-01,-1.018425464630126953e+00,4.680843949317932129e-01,-1.345257878303527832e+00,1.225093722343444824e+00
-1.432284116744995117e+00,3.188260495662689209e-01,-1.158843755722045898e+00,5.744703412055969238e-01,-1.098088502883911133e+00,1.288339018821716309e+00
-1.246138453483581543e+00,1.915511041879653931e-01,-1.252372264862060547e+00,6.453362107276916504e-01,-9.096969962120056152e-01,1.317986488342285156e+00
-1.149684548377990723e+00,1.122780293226242065e-01,-1.325878858566284180e+00,6.908506155014038086e-01,-7.983450889587402344e-01,1.324438333511352539e+00
-1.059762716293334961e+00,3.829356655478477478e-02,-1.393122553825378418e+00,7.310147881507873535e-01,-6.937937140464782715e-01,1.325838327407836914e+00
-1.113706469535827637e+00,1.839361339807510376e-01,-1.147518873214721680e+00,6.232337951660156250e-01,-8.571632504463195801e-01,1.344808578491210938e+00
-1.186211585998535156e+00,4.475599825382232666e-01,-6.614701151847839355e-01,3.899701833724975586e-01,-1.118378400802612305e+00,1.360324382781982422e+00
-1.168271183967590332e+00,5.784075856208801270e-01,-3.584404885768890381e-01,2.455142140388488770e-01,-1.211567401885986328e+00,1.369564890861511230e+00
-1.046615123748779297e+00,6.486352086067199707e-01,-8.030667155981063843e-02,1.391312181949615479e-01,-1.205209612846374512e+00,1.398254036903381348e+00
-9.046312570571899414e-01,7.090922594070434570e-01,2.042019069194793701e-01,3.776741400361061096e-02,-1.174674272537231445e+00,1.428495526313781738e+00
-9.904542565345764160e-01,4.167790710926055908e-01,-5.394426584243774414e-01,3.812867403030395508e-01,-1.014366030693054199e+00,1.400284647941589355e+00
-1.208722233772277832e+00,3.052690923213958740e-01,-9.841216802597045898e-01,5.345849394798278809e-01,-1.004454016685485840e+00,1.342147588729858398e+00
-1.311287879943847656e+00,2.866004705429077148e-01,-1.116605758666992188e+00,5.752339363098144531e-01,-1.024281263351440430e+00,1.315886855125427246e+00
-1.479380965232849121e+00,2.455853670835494995e-01,-1.349370598793029785e+00,6.542800068855285645e-01,-1.042315363883972168e+00,1.267643570899963379e+00
-1.367503762245178223e+00,1.255516111850738525e-01,-1.492115497589111328e+00,7.298467159271240234e-01,-8.814387917518615723e-01,1.278710722923278809e+00
-1.083553552627563477e+00,-3.059494681656360626e-02,-1.550912261009216309e+00,7.875472307205200195e-01,-6.276534199714660645e-01,1.304921746253967285e+00
-1.338072538375854492e+00,1.934246867895126343e-01,-1.330578684806823730e+00,6.651230454444885254e-01,-9.423288702964782715e-01,1.296890854835510254e+00
-1.715140342712402344e+00,5.623066425323486328e-01,-9.019008278846740723e-01,4.007412195205688477e-01,-1.427113890647888184e+00,1.209733963012695312e+00
-1.375973224639892578e+00,4.885704815387725830e-01,-7.516673803329467773e-01,3.907379806041717529e-01,-1.228523612022399902e+00,1.314385294914245605e+00
-1.575887203216552734e+00,5.767809152603149414e-01,-7.462403774261474609e-01,3.458722531795501709e-01,-1.382898211479187012e+00,1.255846381187438965e+00
-1.832873463630676270e+00,6.921124458312988281e-01,-7.285812497138977051e-01,2.854416072368621826e-01,-1.584541201591491699e+00,1.158342242240905762e+00
-1.785513997077941895e+00,6.763588786125183105e-01,-7.205549478530883789e-01,2.901241481304168701e-01,-1.551710247993469238e+00,1.177851080894470215e+00
-1.539148926734924316e+00,5.790333151817321777e-01,-7.078725695610046387e-01,3.335913121700286865e-01,-1.369588136672973633e+00,1.267378330230712891e+00
-1.337393999099731445e+00,4.542433917522430420e-01,-7.891695499420166016e-01,4.173602759838104248e-01,-1.184315919876098633e+00,1.323284149169921875e+00
-1.166304826736450195e+00,2.496623843908309937e-01,-1.060534358024597168e+00,5.764493942260742188e-01,-9.378657937049865723e-01,1.344235301017761230e+00
-1.027600526809692383e+00,9.369712322950363159e-02,-1.252372026443481445e+00,6.810005307197570801e-01,-7.399234175682067871e-01,1.343840360641479492e+00
-1.264821887016296387e+00,2.871714830398559570e-01,-1.073223590850830078e+00,5.639716386795043945e-01,-1.008175492286682129e+00,1.327059268951416016e+00
-1.599814057350158691e+00,5.840397477149963379e-01,-7.523840069770812988e-01,3.441983163356781006e-01,-1.398729920387268066e+00,1.247961521148681641e+00
-1.674953579902648926e+00,6.824422478675842285e-01,-6.078344583511352539e-01,2.509926557540893555e-01,-1.509315252304077148e+00,1.217391848564147949e+00
-1.469033718109130859e+00,6.783864498138427734e-01,-4.257953763008117676e-01,2.007971554994583130e-01,-1.416383743286132812e+00,1.285044431686401367e+00
-1.180933952331542969e+00,6.666708588600158691e-01,-1.735157221555709839e-01,1.464124619960784912e-01,-1.278731703758239746e+00,1.365673542022705078e+00
-1.194068312644958496e+00,6.747969388961791992e-01,-1.681538820266723633e-01,1.396445631980895996e-01,-1.290163993835449219e+00,1.362090587615966797e+00
-1.489856958389282227e+00,7.137721776962280273e-01,-3.669490218162536621e-01,1.635131984949111938e-01,-1.451211214065551758e+00,1.276170611381530762e+00
-1.734582185745239258e+00,7.430027127265930176e-01,-5.295344591140747070e-01,1.942799538373947144e-01,-1.581697702407836914e+00,1.190147876739501953e+00
-1.663510441780090332e+00,6.551479101181030273e-01,-6.567713022232055664e-01,2.800981104373931885e-01,-1.482957124710083008e+00,1.223337769508361816e+00
-1.511772394180297852e+00,5.116802453994750977e-01,-8.270654678344726562e-01,4.002135097980499268e-01,-1.302369952201843262e+00,1.276075959205627441e+00
-1.464123606681823730e+00,4.225831329822540283e-01,-9.720382094383239746e-01,4.808525741100311279e-01,-1.205911636352539062e+00,1.287190794944763184e+00
-1.507936358451843262e+00,2.663922607898712158e-01,-1.332209229469299316e+00,6.428468823432922363e-01,-1.072981476783752441e+00,1.262140274047851562e+00
-1.521476626396179199e+00,8.320830762386322021e-02,-1.706173658370971680e+00,8.044078946113586426e-01,-8.814584612846374512e-01,1.231641173362731934e+00
-1.360480427742004395e+00,2.554269134998321533e-01,-1.224705457687377930e+00,6.154986023902893066e-01,-1.011583209037780762e+00,1.299964189529418945e+00
-1.120377182960510254e+00,4.157236218452453613e-01,-6.671935915946960449e-01,4.083873331546783447e-01,-1.065968871116638184e+00,1.372939467430114746e+00
-1.074355721473693848e+00,3.769595623016357422e-01,-7.063202857971191406e-01,4.375166893005371094e-01,-1.015747189521789551e+00,1.379261970520019531e+00
-1.089154839515686035e+00,1.955687105655670166e-01,-1.100988030433654785e+00,6.081468462944030762e-01,-8.597747683525085449e-01,1.351668596267700195e+00
-1.075510025024414062e+00,7.018768042325973511e-02,-1.343486547470092773e+00,7.092773318290710449e-01,-7.316384315490722656e-01,1.330080866813659668e+00
-1.265109419822692871e+00,4.533568024635314941e-01,-7.235791087150573730e-01,4.015148878097534180e-01,-1.154820322990417480e+00,1.341653943061828613e+00
-1.248590588569641113e+00,2.741016745567321777e-01,-1.085444927215576172e+00,5.723279714584350586e-01,-9.901196956634521484e-01,1.329218626022338867e+00
-1.219823837280273438e+00,3.426965475082397461e-01,-9.160434603691101074e-01,5.015572905540466309e-01,-1.042214989662170410e+00,1.343745112419128418e+00
-1.124591827392578125e+00,4.881558716297149658e-01,-5.144242644309997559e-01,3.344830572605133057e-01,-1.125332117080688477e+00,1.376900315284729004e+00
-1.049320220947265625e+00,5.642314553260803223e-01,-2.729516923427581787e-01,2.364024370908737183e-01,-1.149335026741027832e+00,1.396844983100891113e+00
-1.523016214370727539e+00,5.929008126258850098e-01,-6.631284952163696289e-01,3.137824535369873047e-01,-1.374077320098876953e+00,1.272066473960876465e+00
-1.830739259719848633e+00,5.931919217109680176e-01,-9.378299117088317871e-01,4.003931879997253418e-01,-1.500289559364318848e+00,1.166441559791564941e+00
-1.645217418670654297e+00,5.768859386444091797e-01,-8.086520433425903320e-01,3.646900951862335205e-01,-1.411356806755065918e+00,1.233205318450927734e+00
-1.620103240013122559e+00,6.251943111419677734e-01,-6.821746826171875000e-01,3.029226064682006836e-01,-1.440686583518981934e+00,1.239734888076782227e+00
-1.901204228401184082e+00,7.983211874961853027e-01,-5.579296350479125977e-01,1.743061244487762451e-01,-1.697392106056213379e+00,1.117487430572509766e+00
-1.284616112709045410e+00,1.554461717605590820e-01,-1.359694004058837891e+00,6.850282549858093262e-01,-8.861392736434936523e-01,1.303360581398010254e+00
-1.074563384056091309e+00,4.834472760558128357e-02,-1.386402010917663574e+00,7.262113094329833984e-01,-7.088423371315002441e-01,1.325432538986206055e+00
-7.525007128715515137e-01,-1.133741736412048340e-01,-1.414021730422973633e+00,7.861582636833190918e-01,-4.419938027858734131e-01,1.331095337867736816e+00
-7.523318529129028320e-01,-8.604138344526290894e-02,-1.359465122222900391e+00,7.673259377479553223e-01,-4.705802202224731445e-01,1.339415431022644043e+00
-1.244868755340576172e+00,3.271549940109252930e-01,-9.717749953269958496e-01,5.219789147377014160e-01,-1.037636041641235352e+00,1.336287736892700195e+00
-1.714423537254333496e+00,7.999002933502197266e-01,-3.850394487380981445e-01,1.167275011539459229e-01,-1.614168763160705566e+00,1.190344095230102539e+00
-1.684028625488281250e+00,8.029765486717224121e-01,-3.500105142593383789e-01,1.041601598262786865e-01,-1.602397203445434570e+00,1.201023697853088379e+00
-1.102867484092712402e+00,3.658047318458557129e-01,-7.573127150535583496e-01,4.542514979839324951e-01,-1.017536282539367676e+00,1.372094869613647461e+00
-3.562451004981994629e-01,-1.182397454977035522e-01,-1.045434832572937012e+00,7.377614378929138184e-01,-3.157263994216918945e-01,1.366464972496032715e+00
-1.297801613807678223e+00,4.740717411041259766e-01,-7.098430395126342773e-01,3.874838054180145264e-01,-1.185063481330871582e+00,1.334443807601928711e+00
-1.236652255058288574e+00,2.384140342473983765e-01,-1.148085832595825195e+00,6.019589304924011230e-01,-9.520674347877502441e-01,1.327152967453002930e+00
-1.151402831077575684e+00,4.008442163467407227e-02,-1.471697807312011719e+00,7.486056089401245117e-01,-7.239161133766174316e-01,1.309013128280639648e+00
-1.503255248069763184e+00,4.855467379093170166e-01,-8.747982978820800781e-01,4.258001446723937988e-01,-1.276554942131042480e+00,1.278182387351989746e+00
-1.692894220352172852e+00,7.416762113571166992e-01,-4.943641424179077148e-01,1.840267181396484375e-01,-1.562227606773376465e+00,1.205456376075744629e+00
-1.737635970115661621e+00,7.405851483345031738e-01,-5.376265048980712891e-01,1.981548815965652466e-01,-1.581226110458374023e+00,1.189295172691345215e+00
-1.677188396453857422e+00,5.046799778938293457e-01,-9.898366928100585938e-01,4.527159035205841064e-01,-1.361358046531677246e+00,1.223494648933410645e+00
-1.386789083480834961e+00,6.093122996389865875e-03,-1.742196917533874512e+00,8.294021487236022949e-01,-7.552702426910400391e-01,1.250522255897521973e+00
-1.696541428565979004e+00,3.874356448650360107e-01,-1.249171614646911621e+00,5.794770717620849609e-01,-1.258812546730041504e+00,1.214133858680725098e+00
-1.191084146499633789e+00,1.599485427141189575e-01,-1.266903519630432129e+00,6.601493358612060547e-01,-8.598758578300476074e-01,1.324717760086059570e+00
-1.448542833328247070e+00,3.551437854766845703e-01,-1.098458528518676758e+00,5.437648296356201172e-01,-1.138299226760864258e+00,1.287103056907653809e+00
-1.832836270332336426e+00,6.696972846984863281e-01,-7.767890691757202148e-01,3.122264146804809570e-01,-1.566198229789733887e+00,1.160413742065429688e+00
-1.879082202911376953e+00,7.184685468673706055e-01,-7.124303579330444336e-01,2.675792276859283447e-01,-1.625509142875671387e+00,1.137306571006774902e+00
-1.600133299827575684e+00,5.091020464897155762e-01,-9.121887683868408203e-01,4.265167415142059326e-01,-1.335167169570922852e+00,1.248715043067932129e+00
-1.109335064888000488e+00,6.593105792999267578e-01,-1.189981922507286072e-01,1.396329402923583984e-01,-1.241043806076049805e+00,1.383435726165771484e+00
-9.872687458992004395e-01,5.040593147277832031e-01,-3.450551927089691162e-01,2.898317277431488037e-01,-1.079200387001037598e+00,1.407536387443542480e+00
-8.217166066169738770e-01,3.207284808158874512e-01,-5.817937850952148438e-01,4.447604715824127197e-01,-8.701180219650268555e-01,1.419709682464599609e+00
-1.039986610412597656e+00,3.655094504356384277e-01,-6.978938579559326172e-01,4.418512582778930664e-01,-9.927310943603515625e-01,1.385144829750061035e+00
-1.426835775375366211e+00,4.873293340206146240e-01,-8.012736439704895020e-01,4.045172929763793945e-01,-1.247827172279357910e+00,1.300293087959289551e+00
-1.917252302169799805e+00,3.262997567653656006e-01,-1.555302619934082031e+00,7.083947062492370605e-01,-1.271920800209045410e+00,1.132000923156738281e+00
-1.570768833160400391e+00,5.026221275329589844e-01,-8.995729684829711914e-01,4.254998564720153809e-01,-1.317955493927001953e+00,1.257927179336547852e+00
-1.176293373107910156e+00,6.114207506179809570e-01,-2.928943336009979248e-01,2.098462134599685669e-01,-1.238696694374084473e+00,1.367729902267456055e+00
-1.489655613899230957e+00,5.040016174316406250e-01,-8.232701420783996582e-01,4.027084112167358398e-01,-1.287011027336120605e+00,1.282557725906372070e+00
-1.922147989273071289e+00,6.184910535812377930e-01,-9.632452726364135742e-01,3.999440073966979980e-01,-1.559176921844482422e+00,1.129062294960021973e+00
-1.209320425987243652e+00,4.061848521232604980e-01,-7.719193100929260254e-01,4.370048046112060547e-01,-1.093228578567504883e+00,1.351955771446228027e+00
-3.853198289871215820e-01,1.398438215255737305e-01,-5.334830284118652344e-01,5.444416999816894531e-01,-5.546521544456481934e-01,1.440391421318054199e+00
-5.344365239143371582e-01,3.252264857292175293e-02,-9.095618724822998047e-01,6.491870284080505371e-01,-5.160168409347534180e-01,1.397814273834228516e+00
-6.582252979278564453e-01,-1.517028957605361938e-01,-1.402401566505432129e+00,7.976166605949401855e-01,-3.739988207817077637e-01,1.329461693763732910e+00
-7.610608935356140137e-01,-1.643792092800140381e-01,-1.522557973861694336e+00,8.213917016983032227e-01,-3.897028565406799316e-01,1.313870429992675781e+00
-1.053496718406677246e+00,-2.907025814056396484e-02,-1.521141052246093750e+00,7.803566455841064453e-01,-6.205022931098937988e-01,1.310619950294494629e+00
-1.302574157714843750e+00,8.729141205549240112e-02,-1.511370539665222168e+00,7.454119324684143066e-01,-8.205218911170959473e-01,1.286889076232910156e+00
-1.427394986152648926e+00,1.921256333589553833e-01,-1.411530733108520508e+00,6.882944703102111816e-01,-9.703637361526489258e-01,1.274363398551940918e+00
-1.709596395492553711e+00,4.710374772548675537e-01,-1.088358521461486816e+00,4.977072775363922119e-01,-1.343127727508544922e+00,1.212313413619995117e+00
-1.901908755302429199e+00,6.805371046066284180e-01,-8.140113353729248047e-01,3.205879032611846924e-01,-1.604099154472351074e+00,1.132100462913513184e+00
-1.678452849388122559e+00,8.160166144371032715e-01,-3.155929148197174072e-01,8.574818074703216553e-02,-1.608861207962036133e+00,1.201180100440979004e+00
-1.482526302337646484e+00,7.249924540519714355e-01,-3.349809646606445312e-01,1.479205042123794556e-01,-1.455846548080444336e+00,1.277560234069824219e+00
-1.245248556137084961e+00,4.471377730369567871e-01,-7.182270884513854980e-01,4.034365117549896240e-01,-1.141727566719055176e+00,1.346187353134155273e+00
-1.043648004531860352e+00,2.283255755901336670e-01,-9.908350110054016113e-01,5.702885389328002930e-01,-8.742267489433288574e-01,1.365926980972290039e+00
-8.683329820632934570e-01,2.768134884536266327e-02,-1.238842368125915527e+00,7.034292817115783691e-01,-6.224670410156250000e-01,1.354755878448486328e+00
-7.184413671493530273e-01,-1.038590595126152039e-01,-1.363440990447998047e+00,7.743984460830688477e-01,-4.418977499008178711e-01,1.338069796562194824e+00
-7.731509208679199219e-01,1.095664650201797485e-01,-9.811167716979980469e-01,6.228500604629516602e-01,-6.693301796913146973e-01,1.387993812561035156e+00
-7.666245102882385254e-01,3.332184851169586182e-01,-5.001981258392333984e-01,4.236260354518890381e-01,-8.580999374389648438e-01,1.430484414100646973e+00
-8.245162963867187500e-01,3.396901190280914307e-01,-5.435950756072998047e-01,4.271208941936492920e-01,-8.864111304283142090e-01,1.421908497810363770e+00
-9.359117150306701660e-01,1.639140397310256958e-01,-1.023249864578247070e+00,6.056720018386840820e-01,-7.765124440193176270e-01,1.374048233032226562e+00
-9.771708250045776367e-01,-1.152155920863151550e-02,-1.417641282081604004e+00,7.526196241378784180e-01,-6.163614988327026367e-01,1.327949047088623047e+00
-1.211376070976257324e+00,2.300996333360671997e-01,-1.142163038253784180e+00,6.037524342536926270e-01,-9.352806210517883301e-01,1.331599473953247070e+00
-1.409644961357116699e+00,4.820150434970855713e-01,-7.967827916145324707e-01,4.058621823787689209e-01,-1.236484885215759277e+00,1.304936766624450684e+00
-1.427369832992553711e+00,5.985414981842041016e-01,-5.620098114013671875e-01,2.830495834350585938e-01,-1.338195085525512695e+00,1.300617933273315430e+00
-1.363144755363464355e+00,7.330818176269531250e-01,-2.021642774343490601e-01,1.081818193197250366e-01,-1.406815290451049805e+00,1.312865376472473145e+00
-1.337648153305053711e+00,7.834288477897644043e-01,-6.280018389225006104e-02,3.876248374581336975e-02,-1.427436470985412598e+00,1.315859556198120117e+00
-1.435110330581665039e+00,6.788593530654907227e-01,-3.926253020763397217e-01,1.916808336973190308e-01,-1.401698112487792969e+00,1.295272946357727051e+00
-1.509810566902160645e+00,5.646929144859313965e-01,-7.118416428565979004e-01,3.418964147567749023e-01,-1.345779895782470703e+00,1.276641845703125000e+00
-1.203996300697326660e+00,2.607884109020233154e-01,-1.072168946266174316e+00,5.745553970336914062e-01,-9.617140889167785645e-01,1.337562680244445801e+00
-7.939592599868774414e-01,-7.540070265531539917e-02,-1.376875162124633789e+00,7.665384411811828613e-01,-4.941622018814086914e-01,1.337297677993774414e+00
-1.056902170181274414e+00,-4.024780541658401489e-02,-1.546172261238098145e+00,7.891707420349121094e-01,-6.093772053718566895e-01,1.307153701782226562e+00
-1.608746290206909180e+00,1.237985044717788696e-01,-1.699913024902343750e+00,7.954915761947631836e-01,-9.528549909591674805e-01,1.213893175125122070e+00
-1.793082118034362793e+00,2.753724455833435059e-01,-1.554996848106384277e+00,7.167609333992004395e-01,-1.176770091056823730e+00,1.173673987388610840e+00
-1.710606813430786133e+00,4.684300720691680908e-01,-1.094646573066711426e+00,5.007368922233581543e-01,-1.341093301773071289e+00,1.211934924125671387e+00
-1.511866450309753418e+00,5.564984083175659180e-01,-7.313452959060668945e-01,3.514912426471710205e-01,-1.339910864830017090e+00,1.276100158691406250e+00
-1.209832906723022461e+00,5.126181244850158691e-01,-5.431426167488098145e-01,3.267682194709777832e-01,-1.179858088493347168e+00,1.357931971549987793e+00
-1.162887096405029297e+00,3.990281522274017334e-01,-7.433811426162719727e-01,4.340903759002685547e-01,-1.068978428840637207e+00,1.362056732177734375e+00
-1.164880633354187012e+00,5.091202855110168457e-01,-5.075719356536865234e-01,3.207280337810516357e-01,-1.158344268798828125e+00,1.368564367294311523e+00
-1.009742259979248047e+00,2.339935302734375000e-01,-9.471511840820312500e-01,5.586301684379577637e-01,-8.671543002128601074e-01,1.373273372650146484e+00
-1.202605843544006348e+00,2.392671108245849609e-01,-1.115307450294494629e+00,5.936477184295654297e-01,-9.409417510032653809e-01,1.334863066673278809e+00
-1.455365180969238281e+00,2.369798868894577026e-01,-1.345796465873718262e+00,6.558104753494262695e-01,-1.025536656379699707e+00,1.273079633712768555e+00
-1.485769152641296387e+00,4.124151766300201416e-01,-1.012774705886840820e+00,4.966687560081481934e-01,-1.204928398132324219e+00,1.280479907989501953e+00
-1.360024213790893555e+00,6.560456752777099609e-01,-3.716316223144531250e-01,2.002503722906112671e-01,-1.351933360099792480e+00,1.318211674690246582e+00
-1.150704383850097656e+00,4.741062521934509277e-01,-5.701599717140197754e-01,3.547859191894531250e-01,-1.125179290771484375e+00,1.370163440704345703e+00
-9.129735231399536133e-01,1.382364928722381592e-01,-1.054701924324035645e+00,6.230752468109130859e-01,-7.445082068443298340e-01,1.372782588005065918e+00
-1.019577145576477051e+00,1.654017716646194458e-01,-1.098546981811523438e+00,6.201815009117126465e-01,-8.070108890533447266e-01,1.359547615051269531e+00
-1.529929637908935547e+00,5.131558179855346680e-01,-8.404093980789184570e-01,4.033761322498321533e-01,-1.310871243476867676e+00,1.270603299140930176e+00
-1.897605895996093750e+00,7.868567109107971191e-01,-5.798990130424499512e-01,1.878641545772552490e-01,-1.687102079391479492e+00,1.120735645294189453e+00
-1.777929544448852539e+00,6.630803942680358887e-01,-7.424292564392089844e-01,3.036325573921203613e-01,-1.537717938423156738e+00,1.181775450706481934e+00
-1.468139171600341797e+00,3.788454532623291016e-01,-1.066863179206848145e+00,5.255821347236633301e-01,-1.167560219764709473e+00,1.283420801162719727e+00
-1.229224562644958496e+00,2.745272517204284668e-01,-1.066864132881164551e+00,5.675971508026123047e-01,-9.835821986198425293e-01,1.333709239959716797e+00
-1.224691152572631836e+00,3.292505145072937012e-01,-9.487571120262145996e-01,5.154827833175659180e-01,-1.032027959823608398e+00,1.341205954551696777e+00
-1.225300669670104980e+00,3.355405032634735107e-01,-9.361405968666076660e-01,5.096222758293151855e-01,-1.037890911102294922e+00,1.341734170913696289e+00
-1.236191391944885254e+00,1.895064562559127808e-01,-1.247576117515563965e+00,6.448635458946228027e-01,-9.043192863464355469e-01,1.319879412651062012e+00
-1.220654964447021484e+00,3.110068663954734802e-02,-1.550577759742736816e+00,7.707163691520690918e-01,-7.351676821708679199e-01,1.293043375015258789e+00
-1.360164880752563477e+00,2.533425092697143555e-01,-1.228675484657287598e+00,6.173104047775268555e-01,-1.009435057640075684e+00,1.299780130386352539e+00
-1.467045187950134277e+00,4.912062585353851318e-01,-8.298552036285400391e-01,4.105264842510223389e-01,-1.267111659049987793e+00,1.288918256759643555e+00
-1.652662873268127441e+00,5.588417053222656250e-01,-8.537564873695373535e-01,3.868404030799865723e-01,-1.399071335792541504e+00,1.231161713600158691e+00
-1.685003042221069336e+00,5.313434004783630371e-01,-9.406794905662536621e-01,4.261460900306701660e-01,-1.388093233108520508e+00,1.220711827278137207e+00
-1.396729946136474609e+00,3.980320394039154053e-01,-9.624572396278381348e-01,4.886820316314697266e-01,-1.158322572708129883e+00,1.304321765899658203e+00
-1.143217682838439941e+00,2.828398346900939941e-01,-9.701989889144897461e-01,5.413128733634948730e-01,-9.600554704666137695e-01,1.353727698326110840e+00
-1.817167758941650391e+00,6.325230002403259277e-01,-8.425471782684326172e-01,3.511346876621246338e-01,-1.528633356094360352e+00,1.169270277023315430e+00
