-1.087565660476684570e+00,2.925333678722381592e-01,-8.504952192306518555e-01,5.123035311698913574e-01,-9.661335945129394531e-01,1.363241672515869141e+00
-1.289313793182373047e+00,6.464431285858154297e-01,-3.858678638935089111e-01,2.047312706708908081e-01,-1.298450231552124023e+00,1.344107508659362793e+00
-1.491941213607788086e+00,9.306365847587585449e-01,6.198209524154663086e-02,-9.500414133071899414e-02,-1.570381283760070801e+00,1.253652930259704590e+00
-1.502373218536376953e+00,8.395524621009826660e-01,-9.568813443183898926e-02,1.308084558695554733e-02,-1.537888765335083008e+00,1.259137272834777832e+00
-1.497868180274963379e+00,5.883892774581909180e-01,-6.160418391227722168e-01,3.063821792602539062e-01,-1.371795058250427246e+00,1.278969764709472656e+00
-1.165761590003967285e+00,2.646355330944061279e-01,-1.077925443649291992e+00,5.624191761016845703e-01,-9.354633688926696777e-01,1.351170659065246582e+00
-8.148040175437927246e-01,-1.061640530824661255e-01,-1.339225769042968750e+00,7.884964942932128906e-01,-5.131088495254516602e-01,1.317844986915588379e+00
-8.248125314712524414e-01,8.152524381875991821e-02,-9.203981757164001465e-01,6.430364251136779785e-01,-7.220181822776794434e-01,1.363357424736022949e+00
-7.357048392295837402e-01,4.870202541351318359e-01,-4.350910186767578125e-01,2.938601076602935791e-01,-8.674746751785278320e-01,1.466589212417602539e+00
-7.888512611389160156e-01,5.205146074295043945e-01,-4.173012375831604004e-01,2.698121070861816406e-01,-9.149652719497680664e-01,1.461764931678771973e+00
-1.084640860557556152e+00,1.353881061077117920e-01,-1.227765917778015137e+00,6.540957093238830566e-01,-7.966842651367187500e-01,1.341943979263305664e+00
-1.099250078201293945e+00,-6.736320257186889648e-02,-1.989607810974121094e+00,8.067675828933715820e-01,-4.181859195232391357e-01,1.306000828742980957e+00
-1.424246907234191895e+00,1.918818205595016479e-01,-1.638633608818054199e+00,6.973783969879150391e-01,-8.734707236289978027e-01,1.291258692741394043e+00
-1.680113315582275391e+00,6.639670729637145996e-01,-6.507352590560913086e-01,2.766395509243011475e-01,-1.497497081756591797e+00,1.220586776733398438e+00
-1.714367628097534180e+00,7.437790632247924805e-01,-3.351508677005767822e-01,1.543935686349868774e-01,-1.616452574729919434e+00,1.179685235023498535e+00
-1.782409906387329102e+00,7.117050290107727051e-01,-6.059949398040771484e-01,2.442278265953063965e-01,-1.586201310157775879e+00,1.175675868988037109e+00
-1.901404619216918945e+00,5.505515336990356445e-01,-9.260135293006896973e-01,4.423676431179046631e-01,-1.539728522300720215e+00,1.123133540153503418e+00
-1.545812249183654785e+00,5.447338223457336426e-01,-8.322531580924987793e-01,3.795873224735260010e-01,-1.332085609436035156e+00,1.273454427719116211e+00
-1.160710453987121582e+00,4.405541419982910156e-01,-6.408186554908752441e-01,3.867839872837066650e-01,-1.108244419097900391e+00,1.364923000335693359e+00
-1.235691785812377930e+00,4.121439754962921143e-01,-7.679830193519592285e-01,4.314712882041931152e-01,-1.116421103477478027e+00,1.345836639404296875e+00
-1.299046635627746582e+00,4.191948771476745605e-01,-8.770730495452880859e-01,4.468322992324829102e-01,-1.126002907752990723e+00,1.337249994277954102e+00
-1.249395132064819336e+00,4.396146535873413086e-01,-7.164616584777832031e-01,4.060751497745513916e-01,-1.146713256835937500e+00,1.343836188316345215e+00
-1.133366942405700684e+00,5.484529137611389160e-01,-4.774755537509918213e-01,2.812831103801727295e-01,-1.151153087615966797e+00,1.383799433708190918e+00
-1.074152112007141113e+00,5.415100455284118652e-01,-4.680226445198059082e-01,2.805882990360260010e-01,-1.110633015632629395e+00,1.398865938186645508e+00
-9.839518666267395020e-01,1.760427653789520264e-01,-9.746674895286560059e-01,5.957466363906860352e-01,-8.299617767333984375e-01,1.363208532333374023e+00
-8.035127520561218262e-01,-2.896975278854370117e-01,-1.570451498031616211e+00,9.125748872756958008e-01,-3.588594794273376465e-01,1.248741269111633301e+00
-8.005075454711914062e-01,-3.314200937747955322e-01,-1.646204829216003418e+00,9.383669495582580566e-01,-3.097767829895019531e-01,1.232034564018249512e+00
-9.260367155075073242e-01,-1.715348660945892334e-01,-1.545085668563842773e+00,8.528820872306823730e-01,-4.832266569137573242e-01,1.277169942855834961e+00
-1.062810063362121582e+00,-2.899473346769809723e-02,-1.471141099929809570e+00,7.767249345779418945e-01,-6.441699862480163574e-01,1.301603555679321289e+00
-1.466193318367004395e+00,2.265838086605072021e-01,-1.575715303421020508e+00,6.781386137008666992e-01,-9.373735785484313965e-01,1.283648610115051270e+00
-2.094043970108032227e+00,5.277766585350036621e-01,-1.585969567298889160e+00,6.128950715065002441e-01,-1.427314877510070801e+00,1.092474699020385742e+00
-2.251299619674682617e+00,5.710723996162414551e-01,-1.526923894882202148e+00,6.140008568763732910e-01,-1.559600710868835449e+00,1.003674983978271484e+00
-2.267164230346679688e+00,5.812004208564758301e-01,-1.061266303062438965e+00,5.133117437362670898e-01,-1.732672929763793945e+00,9.371889829635620117e-01
-2.030948162078857422e+00,8.165163993835449219e-01,-2.862039804458618164e-01,1.145420446991920471e-01,-1.845327973365783691e+00,1.014191746711730957e+00
-1.903011679649353027e+00,8.461484909057617188e-01,-4.446740821003913879e-02,1.592766493558883667e-02,-1.820199131965637207e+00,1.055993914604187012e+00
-1.590872764587402344e+00,8.708243370056152344e-01,-2.929528616368770599e-02,-2.228979207575321198e-02,-1.616064667701721191e+00,1.215214371681213379e+00
-1.210659623146057129e+00,8.299503922462463379e-01,-1.216563060879707336e-01,1.088656950742006302e-02,-1.324558615684509277e+00,1.372925519943237305e+00
-1.024893641471862793e+00,7.244923114776611328e-01,-2.451026439666748047e-01,1.041290462017059326e-01,-1.152082085609436035e+00,1.427840709686279297e+00
-6.858592033386230469e-01,3.820748925209045410e-01,-5.123584270477294922e-01,3.779201507568359375e-01,-7.976481318473815918e-01,1.455814480781555176e+00
-5.066391229629516602e-01,1.146142780780792236e-01,-6.508527398109436035e-01,5.755770802497863770e-01,-5.928499102592468262e-01,1.414537906646728516e+00
-1.193155884742736816e+00,6.764879226684570312e-01,-3.236530423164367676e-01,1.644682586193084717e-01,-1.249600410461425781e+00,1.375800251960754395e+00
-1.296729803085327148e+00,5.502798557281494141e-01,-5.414351820945739746e-01,3.032059669494628906e-01,-1.248600721359252930e+00,1.337566971778869629e+00
-1.371305942535400391e+00,4.873182773590087891e-01,-7.671149373054504395e-01,3.909797966480255127e-01,-1.222983837127685547e+00,1.319280147552490234e+00
-1.530187726020812988e+00,5.901312232017517090e-01,-6.591976881027221680e-01,3.159445524215698242e-01,-1.381551384925842285e+00,1.271054506301879883e+00
-1.799294114112854004e+00,7.417474389076232910e-01,-4.002797305583953857e-01,1.782640665769577026e-01,-1.656448483467102051e+00,1.145998954772949219e+00
-1.879583716392517090e+00,7.757554650306701660e-01,-3.257097899913787842e-01,1.420786678791046143e-01,-1.732594847679138184e+00,1.099483251571655273e+00
-1.410660266876220703e+00,4.921294748783111572e-01,-8.524306416511535645e-01,4.039069116115570068e-01,-1.223880887031555176e+00,1.314834594726562500e+00
-6.930921077728271484e-01,-1.983737647533416748e-01,-1.222034454345703125e+00,8.361132144927978516e-01,-4.600138068199157715e-01,1.295488476753234863e+00
-6.375826001167297363e-01,-3.039704263210296631e-01,-1.302725434303283691e+00,9.018533229827880859e-01,-3.652653694152832031e-01,1.260725140571594238e+00
-9.859725832939147949e-01,-2.046742103993892670e-02,-1.370419621467590332e+00,7.553708553314208984e-01,-6.367851495742797852e-01,1.317532539367675781e+00
-1.506841301918029785e+00,3.124056756496429443e-01,-1.288212776184082031e+00,6.010192036628723145e-01,-1.100171208381652832e+00,1.271379590034484863e+00
-1.442520141601562500e+00,2.889379560947418213e-01,-1.260664224624633789e+00,6.039190292358398438e-01,-1.061934709548950195e+00,1.285074949264526367e+00
-1.029954910278320312e+00,1.038492769002914429e-01,-1.239142417907714844e+00,6.690058112144470215e-01,-7.477802038192749023e-01,1.345549345016479492e+00
-7.558254003524780273e-01,-8.115111291408538818e-02,-1.125627160072326660e+00,7.600324749946594238e-01,-5.660318136215209961e-01,1.328204751014709473e+00
-9.057272076606750488e-01,5.114346370100975037e-02,-1.162497282028198242e+00,6.859324574470520020e-01,-6.810230612754821777e-01,1.350575923919677734e+00
-1.621042013168334961e+00,4.334644675254821777e-01,-1.059173583984375000e+00,5.052241086959838867e-01,-1.286432147026062012e+00,1.238723039627075195e+00
-2.156130075454711914e+00,5.832332968711853027e-01,-9.549559950828552246e-01,4.669980704784393311e-01,-1.699176311492919922e+00,9.925707578659057617e-01
-1.967711806297302246e+00,5.177757143974304199e-01,-1.141839742660522461e+00,5.173657536506652832e-01,-1.503728747367858887e+00,1.106653213500976562e+00
-1.238468647003173828e+00,7.418377697467803955e-02,-1.568048000335693359e+00,7.392938137054443359e-01,-7.471945881843566895e-01,1.301035642623901367e+00
-8.556694388389587402e-01,-2.863667309284210205e-01,-1.681065559387207031e+00,9.166036248207092285e-01,-3.418276011943817139e-01,1.244658589363098145e+00
-9.521245956420898438e-01,-1.701109558343887329e-01,-1.601852059364318848e+00,8.561866879463195801e-01,-4.750969707965850830e-01,1.274921059608459473e+00
-1.095224618911743164e+00,-6.552929989993572235e-03,-1.476401567459106445e+00,7.667731642723083496e-01,-6.693919301033020020e-01,1.302697539329528809e+00
-1.415056109428405762e+00,2.812938094139099121e-01,-1.242924094200134277e+00,6.030731797218322754e-01,-1.048380851745605469e+00,1.290792703628540039e+00
-1.945657253265380859e+00,6.972817182540893555e-01,-7.466002702713012695e-01,3.058276176452636719e-01,-1.651645898818969727e+00,1.107551455497741699e+00
-2.116896390914916992e+00,7.886263728141784668e-01,-4.581544697284698486e-01,1.906275302171707153e-01,-1.854167580604553223e+00,9.840379953384399414e-01
-2.221383094787597656e+00,6.214491724967956543e-01,-8.135311007499694824e-01,4.173384606838226318e-01,-1.791349768638610840e+00,9.414297938346862793e-01
-2.190198183059692383e+00,5.564591288566589355e-01,-1.235070586204528809e+00,5.526282787322998047e-01,-1.621214985847473145e+00,1.001721024513244629e+00
-2.131924152374267578e+00,5.453781485557556152e-01,-1.225022673606872559e+00,5.459995269775390625e-01,-1.585695862770080566e+00,1.032422780990600586e+00
-1.959899187088012695e+00,5.620983242988586426e-01,-9.234824180603027344e-01,4.427620470523834229e-01,-1.580660700798034668e+00,1.094941735267639160e+00
-1.763017535209655762e+00,6.628926396369934082e-01,-7.519657611846923828e-01,3.071516454219818115e-01,-1.523722052574157715e+00,1.194069147109985352e+00
-1.651612043380737305e+00,6.544304490089416504e-01,-5.998064279556274414e-01,2.707335948944091797e-01,-1.491191267967224121e+00,1.225551843643188477e+00
-1.238418936729431152e+00,6.780623197555541992e-01,-3.291721045970916748e-01,1.672943383455276489e-01,-1.280652880668640137e+00,1.361613869667053223e+00
-1.006875634193420410e+00,6.960862874984741211e-01,-2.753539085388183594e-01,1.297377347946166992e-01,-1.128953814506530762e+00,1.430911302566528320e+00
-9.039794802665710449e-01,5.990857481956481934e-01,-3.642363846302032471e-01,2.106385082006454468e-01,-1.021691799163818359e+00,1.447543025016784668e+00
-7.432686686515808105e-01,4.170929789543151855e-01,-4.997323155403137207e-01,3.542174100875854492e-01,-8.473122715950012207e-01,1.452732324600219727e+00
-7.750978469848632812e-01,3.127504885196685791e-01,-6.075176596641540527e-01,4.452812671661376953e-01,-8.259009718894958496e-01,1.425874710083007812e+00
-1.289053678512573242e+00,2.577721774578094482e-01,-1.160448074340820312e+00,5.923750400543212891e-01,-9.885929822921752930e-01,1.318306207656860352e+00
-1.752940654754638672e+00,3.980094194412231445e-01,-1.874523997306823730e+00,6.460770964622497559e-01,-1.053742885589599609e+00,1.254419684410095215e+00
-1.833942651748657227e+00,4.458963871002197266e-01,-1.891769886016845703e+00,6.361327767372131348e-01,-1.115169286727905273e+00,1.234542489051818848e+00
-1.908511042594909668e+00,4.568671584129333496e-01,-1.630187273025512695e+00,6.215832233428955078e-01,-1.271228671073913574e+00,1.175405740737915039e+00
-1.931303024291992188e+00,4.858983457088470459e-01,-1.280807614326477051e+00,5.566525459289550781e-01,-1.424055933952331543e+00,1.133500814437866211e+00
-1.938471198081970215e+00,5.168614387512207031e-01,-1.106983423233032227e+00,5.063782334327697754e-01,-1.496629238128662109e+00,1.117576122283935547e+00
-1.876232981681823730e+00,7.190949320793151855e-01,-6.672963500022888184e-01,2.632896006107330322e-01,-1.632564187049865723e+00,1.137639045715332031e+00
-1.847911477088928223e+00,7.886720299720764160e-01,-2.419327646493911743e-01,1.087018921971321106e-01,-1.733549952507019043e+00,1.106699585914611816e+00
-1.870339512825012207e+00,8.078529834747314453e-01,-1.786921024322509766e-01,7.950339466333389282e-02,-1.765227556228637695e+00,1.088517904281616211e+00
-1.919672846794128418e+00,8.183395862579345703e-01,-1.500149071216583252e-01,6.722485274076461792e-02,-1.805150866508483887e+00,1.058675050735473633e+00
-1.982267141342163086e+00,8.106818795204162598e-01,-2.332127690315246582e-01,1.002718061208724976e-01,-1.825778484344482422e+00,1.034168124198913574e+00
-2.107259511947631836e+00,7.566892504692077637e-01,-5.919811129570007324e-01,2.479268908500671387e-01,-1.808364391326904297e+00,1.004562497138977051e+00
-2.265197753906250000e+00,6.044890880584716797e-01,-8.717597126960754395e-01,4.510098993778228760e-01,-1.796815276145935059e+00,9.179728031158447266e-01
-1.829490661621093750e+00,5.404046773910522461e-01,-9.093937277793884277e-01,4.355673193931579590e-01,-1.496162652969360352e+00,1.154769301414489746e+00
-9.874597787857055664e-01,1.777923554182052612e-01,-9.770873785018920898e-01,5.950598120689392090e-01,-8.318437933921813965e-01,1.363101601600646973e+00
-8.915476799011230469e-01,6.279532611370086670e-02,-1.095341444015502930e+00,6.730297803878784180e-01,-6.995443701744079590e-01,1.353693366050720215e+00
-1.399220108985900879e+00,1.998379379510879517e-01,-1.492060780525207520e+00,6.781365275382995605e-01,-9.199438095092773438e-01,1.290558815002441406e+00
-1.724397540092468262e+00,3.681637644767761230e-01,-1.664835214614868164e+00,6.428300142288208008e-01,-1.111707329750061035e+00,1.237229466438293457e+00
-1.609237551689147949e+00,3.904513418674468994e-01,-1.180199384689331055e+00,5.504971742630004883e-01,-1.226486086845397949e+00,1.244048118591308594e+00
-1.360551834106445312e+00,5.216640233993530273e-01,-6.442163586616516113e-01,3.464313447475433350e-01,-1.258730053901672363e+00,1.319003582000732422e+00
-9.265471696853637695e-01,1.926217675209045410e-01,-8.376310467720031738e-01,5.671803355216979980e-01,-8.413208723068237305e-01,1.372420668601989746e+00
-6.655871868133544922e-01,2.236341983079910278e-01,-6.401672363281250000e-01,5.058545470237731934e-01,-7.251172065734863281e-01,1.422956943511962891e+00
-7.996286749839782715e-01,1.898783892393112183e-01,-7.423300147056579590e-01,5.496221780776977539e-01,-7.835288047790527344e-01,1.393066406250000000e+00
-1.083897113800048828e+00,3.279119133949279785e-01,-7.682547569274902344e-01,4.776002466678619385e-01,-9.968354701995849609e-01,1.367823243141174316e+00
-1.512567758560180664e+00,5.606929659843444824e-01,-7.969741225242614746e-01,3.580705225467681885e-01,-1.323165535926818848e+00,1.286622166633605957e+00
-1.376372098922729492e+00,4.764781594276428223e-01,-8.423104882240295410e-01,4.098086655139923096e-01,-1.200757861137390137e+00,1.322244167327880859e+00
-7.798004746437072754e-01,1.098914816975593567e-01,-8.164596557617187500e-01,6.116023063659667969e-01,-7.321814894676208496e-01,1.375618934631347656e+00
-5.049680471420288086e-01,-6.801516562700271606e-02,-7.847093343734741211e-01,7.152002453804016113e-01,-5.222347378730773926e-01,1.356568098068237305e+00
-6.731244325637817383e-01,5.951089039444923401e-02,-7.918939590454101562e-01,6.371000409126281738e-01,-6.575347781181335449e-01,1.376897096633911133e+00
-1.432825803756713867e+00,5.354355573654174805e-01,-6.989014148712158203e-01,3.522411286830902100e-01,-1.294262528419494629e+00,1.301272392272949219e+00
-1.913246631622314453e+00,7.650842666625976562e-01,-5.042086243629455566e-01,1.968326866626739502e-01,-1.708066821098327637e+00,1.104055523872375488e+00
-2.087165594100952148e+00,5.991742610931396484e-01,-8.494920134544372559e-01,4.204813241958618164e-01,-1.692423820495605469e+00,1.022953152656555176e+00
-2.167788982391357422e+00,5.456543564796447754e-01,-1.388173580169677734e+00,5.849627256393432617e-01,-1.550843596458435059e+00,1.031326770782470703e+00
-2.040255069732666016e+00,5.071322917938232422e-01,-1.535023093223571777e+00,6.059206724166870117e-01,-1.406361699104309082e+00,1.110824346542358398e+00
-1.785180091857910156e+00,4.068928062915802002e-01,-1.482961416244506836e+00,6.102303862571716309e-01,-1.233926773071289062e+00,1.203847169876098633e+00
-1.505100607872009277e+00,5.655390620231628418e-01,-7.293392419815063477e-01,3.429452180862426758e-01,-1.339509129524230957e+00,1.283399224281311035e+00
-1.650681853294372559e+00,9.384555220603942871e-01,1.207963451743125916e-01,-1.107516586780548096e-01,-1.692032814025878906e+00,1.173385024070739746e+00
-1.784749388694763184e+00,7.888810634613037109e-01,-2.246933132410049438e-01,9.959334880113601685e-02,-1.695779561996459961e+00,1.137147903442382812e+00
-1.949179053306579590e+00,5.771868824958801270e-01,-8.649602532386779785e-01,4.183929860591888428e-01,-1.595304965972900391e+00,1.096771478652954102e+00
-9.284120202064514160e-01,3.117141127586364746e-01,-6.803417205810546875e-01,4.657360911369323730e-01,-9.129737019538879395e-01,1.396547675132751465e+00
-1.484161138534545898e+00,8.360338807106018066e-01,-1.027499288320541382e-01,1.642970368266105652e-02,-1.523338675498962402e+00,1.267293691635131836e+00
-1.551421642303466797e+00,8.610790371894836426e-01,-5.263521522283554077e-02,-1.102798059582710266e-02,-1.583088040351867676e+00,1.234933018684387207e+00
-1.514144062995910645e+00,7.511349916458129883e-01,-2.593717575073242188e-01,1.172414869070053101e-01,-1.499491572380065918e+00,1.261617183685302734e+00
-1.587267160415649414e+00,4.705441296100616455e-01,-9.261633753776550293e-01,4.539304375648498535e-01,-1.316149473190307617e+00,1.248505115509033203e+00
-1.480353474617004395e+00,2.233008742332458496e-01,-1.706406474113464355e+00,6.910874843597412109e-01,-8.910002708435058594e-01,1.288464546203613281e+00
-1.454560756683349609e+00,2.145973592996597290e-01,-1.611825108528137207e+00,6.863664388656616211e-01,-9.112974405288696289e-01,1.286615729331970215e+00
-1.369170546531677246e+00,4.066559970378875732e-01,-9.357019066810607910e-01,4.721120893955230713e-01,-1.152599811553955078e+00,1.315496683120727539e+00
-1.174195051193237305e+00,5.891423225402832031e-01,-4.359675347805023193e-01,2.475376725196838379e-01,-1.196634888648986816e+00,1.375960707664489746e+00
-1.082286477088928223e+00,5.328041911125183105e-01,-4.811892211437225342e-01,2.896161675453186035e-01,-1.111718893051147461e+00,1.395769476890563965e+00
-8.811080455780029297e-01,3.186748623847961426e-01,-6.485753655433654785e-01,4.533570408821105957e-01,-8.902004957199096680e-01,1.407321810722351074e+00
-7.583990693092346191e-01,1.644780337810516357e-01,-7.436254024505615234e-01,5.647361278533935547e-01,-7.500367760658264160e-01,1.393372178077697754e+00
-8.697096705436706543e-01,3.769769966602325439e-01,-5.822134613990783691e-01,4.022667109966278076e-01,-9.101031422615051270e-01,1.421012639999389648e+00
-1.081796050071716309e+00,6.808895468711853027e-01,-3.018213212490081787e-01,1.502249836921691895e-01,-1.175422072410583496e+00,1.409142851829528809e+00
-1.111967086791992188e+00,7.058980464935302734e-01,-2.752527892589569092e-01,1.286131590604782104e-01,-1.206309795379638672e+00,1.401853680610656738e+00
-9.207742214202880859e-01,3.948520720005035400e-01,-5.834993720054626465e-01,3.931223750114440918e-01,-9.487635493278503418e-01,1.413744330406188965e+00
-7.614297866821289062e-01,8.217930048704147339e-02,-8.310749530792236328e-01,6.309632062911987305e-01,-7.098079323768615723e-01,1.370638966560363770e+00
-7.283070683479309082e-01,7.746846228837966919e-02,-8.125085234642028809e-01,6.301779150962829590e-01,-6.921676397323608398e-01,1.374268531799316406e+00
-6.848078370094299316e-01,1.461062729358673096e-01,-7.185044288635253906e-01,5.702226161956787109e-01,-7.032244801521301270e-01,1.399804234504699707e+00
-6.793852448463439941e-01,6.648521870374679565e-02,-7.895717024803161621e-01,6.324393153190612793e-01,-6.638175845146179199e-01,1.378090500831604004e+00
-7.085741758346557617e-01,-1.465148627758026123e-01,-1.151005268096923828e+00,8.010180592536926270e-01,-5.105522274971008301e-01,1.311451554298400879e+00
-7.034783959388732910e-01,-3.281107842922210693e-01,-1.538151502609252930e+00,9.224102497100830078e-01,-2.965978384017944336e-01,1.246764779090881348e+00
-8.692420125007629395e-01,-4.881343990564346313e-02,-1.319412350654602051e+00,7.559832930564880371e-01,-5.714761018753051758e-01,1.329211115837097168e+00
-1.358959913253784180e+00,5.695112347602844238e-01,-5.425245761871337891e-01,2.946099638938903809e-01,-1.294351577758789062e+00,1.319920539855957031e+00
-1.566981673240661621e+00,8.536576032638549805e-01,-6.524763256311416626e-02,-1.553997979499399662e-03,-1.590506196022033691e+00,1.228721857070922852e+00
-8.568216562271118164e-01,7.434859126806259155e-02,-9.980481266975402832e-01,6.559283733367919922e-01,-7.143967151641845703e-01,1.359116435050964355e+00
-1.512898325920104980e+00,5.767003893852233887e-01,-6.852528452873229980e-01,3.283733725547790527e-01,-1.359887719154357910e+00,1.277983665466308594e+00
-1.766073942184448242e+00,7.143186926841735840e-01,-5.158178806304931641e-01,2.213116586208343506e-01,-1.600190997123718262e+00,1.172749757766723633e+00
-1.732663154602050781e+00,6.668514609336853027e-01,-7.269588708877563477e-01,2.954800128936767578e-01,-1.511412262916564941e+00,1.206099867820739746e+00
-1.789656281471252441e+00,7.639349699020385742e-01,-3.047429621219635010e-01,1.382635235786437988e-01,-1.676845312118530273e+00,1.141736865043640137e+00
-2.143830537796020508e+00,5.698409080505371094e-01,-1.032406091690063477e+00,4.913766384124755859e-01,-1.663586854934692383e+00,1.006949543952941895e+00
-2.085482835769653320e+00,5.218136906623840332e-01,-1.463044881820678711e+00,5.952055454254150391e-01,-1.465724110603332520e+00,1.081539988517761230e+00
-1.681881666183471680e+00,3.511255681514739990e-01,-1.553013086318969727e+00,6.345705986022949219e-01,-1.123651266098022461e+00,1.239125132560729980e+00
-1.416097760200500488e+00,1.993734091520309448e-01,-1.548888683319091797e+00,6.853779554367065430e-01,-9.077011346817016602e-01,1.289351940155029297e+00
-1.331100106239318848e+00,1.965997368097305298e-01,-1.352925419807434082e+00,6.583848595619201660e-01,-9.294084310531616211e-01,1.300543546676635742e+00
-1.206584095954895020e+00,2.446788847446441650e-01,-1.134882688522338867e+00,5.873249769210815430e-01,-9.387983679771423340e-01,1.337438225746154785e+00
-1.132699489593505859e+00,4.473162349313497543e-03,-1.528797864913940430e+00,7.671019434928894043e-01,-6.748071908950805664e-01,1.300629019737243652e+00
-1.304611086845397949e+00,9.810125082731246948e-02,-1.746087551116943359e+00,7.411634325981140137e-01,-7.201166749000549316e-01,1.303184628486633301e+00
-1.417738556861877441e+00,1.832406669855117798e-01,-1.683596968650817871e+00,7.042116522789001465e-01,-8.475161194801330566e-01,1.293980121612548828e+00
-1.398022890090942383e+00,4.541795849800109863e-01,-8.866732120513916016e-01,4.348253905773162842e-01,-1.197364807128906250e+00,1.313188314437866211e+00
-1.177676200866699219e+00,7.960911989212036133e-01,-1.661149114370346069e-01,4.378862679004669189e-02,-1.287936210632324219e+00,1.384079694747924805e+00
-1.300722002983093262e+00,7.852436900138854980e-01,-1.836887151002883911e-01,6.239243596792221069e-02,-1.371166110038757324e+00,1.341739773750305176e+00
-1.618569731712341309e+00,6.695064306259155273e-01,-4.928710758686065674e-01,2.351655513048171997e-01,-1.500671386718750000e+00,1.230430126190185547e+00
-1.774397850036621094e+00,6.152329444885253906e-01,-8.009266853332519531e-01,3.530269563198089600e-01,-1.508102178573608398e+00,1.184975147247314453e+00
-1.937406897544860840e+00,5.050234198570251465e-01,-1.169204473495483398e+00,5.255914330482482910e-01,-1.471871018409729004e+00,1.122456669807434082e+00
-1.991586804389953613e+00,4.911218583583831787e-01,-1.449402570724487305e+00,5.925087928771972656e-01,-1.402743935585021973e+00,1.122816681861877441e+00
-1.939571142196655273e+00,5.002976059913635254e-01,-1.200767993927001953e+00,5.347882509231567383e-01,-1.461167931556701660e+00,1.123807072639465332e+00
-1.664085030555725098e+00,6.710291504859924316e-01,-5.364719629287719727e-01,2.472587823867797852e-01,-1.519766092300415039e+00,1.215545415878295898e+00
-1.403776407241821289e+00,8.164005875587463379e-01,-1.376080662012100220e-01,3.482269868254661560e-02,-1.457490921020507812e+00,1.301750659942626953e+00
-1.288396835327148438e+00,7.744337916374206543e-01,-1.987564116716384888e-01,7.291546463966369629e-02,-1.357875347137451172e+00,1.346254467964172363e+00
-8.741351366043090820e-01,5.028737187385559082e-01,-4.554150700569152832e-01,2.935305833816528320e-01,-9.650784134864807129e-01,1.441408753395080566e+00
-5.692369341850280762e-01,2.123103737831115723e-01,-6.064488291740417480e-01,5.047545433044433594e-01,-6.643288135528564453e-01,1.433733820915222168e+00
-1.075438380241394043e+00,2.202085256576538086e-01,-1.049126625061035156e+00,5.803087949752807617e-01,-8.746958971023559570e-01,1.359831571578979492e+00
-1.263134479522705078e+00,3.162178695201873779e-01,-1.050219535827636719e+00,5.360948443412780762e-01,-1.022790670394897461e+00,1.335223674774169922e+00
-1.425035119056701660e+00,4.093122780323028564e-01,-9.587571024894714355e-01,4.805706143379211426e-01,-1.183567643165588379e+00,1.298526048660278320e+00
-1.563979506492614746e+00,5.932144522666931152e-01,-7.630218267440795898e-01,3.350197970867156982e-01,-1.374178171157836914e+00,1.269337892532348633e+00
-1.677796006202697754e+00,6.691397428512573242e-01,-5.765334367752075195e-01,2.580965161323547363e-01,-1.517634153366088867e+00,1.213759183883666992e+00
-1.660051822662353516e+00,4.898121058940887451e-01,-9.315826296806335449e-01,4.511156678199768066e-01,-1.366896152496337891e+00,1.223163366317749023e+00
-1.546838998794555664e+00,2.740886807441711426e-01,-1.583670258522033691e+00,6.622363328933715820e-01,-1.000773310661315918e+00,1.270943403244018555e+00
-1.507529973983764648e+00,2.428050339221954346e-01,-1.668658137321472168e+00,6.813862919807434082e-01,-9.306566119194030762e-01,1.282321810722351074e+00
-1.629266262054443359e+00,4.715406298637390137e-01,-9.572776556015014648e-01,4.639279842376708984e-01,-1.334228992462158203e+00,1.234519004821777344e+00
-1.564033746719360352e+00,8.061531782150268555e-01,-1.577823907136917114e-01,5.623336508870124817e-02,-1.563571095466613770e+00,1.235696434974670410e+00
-1.479410648345947266e+00,8.442451953887939453e-01,-8.874724060297012329e-02,6.712506059557199478e-03,-1.523809671401977539e+00,1.268602848052978516e+00
-1.040680289268493652e+00,5.513728260993957520e-01,-4.468029439449310303e-01,2.676700949668884277e-01,-1.093638658523559570e+00,1.408619284629821777e+00
-5.920187830924987793e-01,4.617331176996231079e-02,-7.516466379165649414e-01,6.377848386764526367e-01,-6.117448210716247559e-01,1.383639454841613770e+00
-6.411593556404113770e-01,3.856085706502199173e-03,-8.172091245651245117e-01,6.760404109954833984e-01,-6.177518963813781738e-01,1.363882660865783691e+00
-9.439406394958496094e-01,1.655750572681427002e-01,-9.204868674278259277e-01,5.949714779853820801e-01,-8.197455406188964844e-01,1.365466356277465820e+00
-1.136749267578125000e+00,2.576917111873626709e-01,-1.055592298507690430e+00,5.617108345031738281e-01,-9.220899343490600586e-01,1.355479001998901367e+00
-1.227655649185180664e+00,2.342819124460220337e-01,-1.160291433334350586e+00,6.000075340270996094e-01,-9.416783452033996582e-01,1.329803109169006348e+00
-1.286678075790405273e+00,1.994762271642684937e-01,-1.278226971626281738e+00,6.433704495429992676e-01,-9.293626546859741211e-01,1.309612989425659180e+00
-1.285112619400024414e+00,1.462474763393402100e-01,-1.419776558876037598e+00,6.903290152549743652e-01,-8.592490553855895996e-01,1.302751183509826660e+00
-1.271373987197875977e+00,9.697900712490081787e-02,-1.573150992393493652e+00,7.298816442489624023e-01,-7.731611132621765137e-01,1.300325274467468262e+00
-1.316761255264282227e+00,1.851161271333694458e-01,-1.361492514610290527e+00,6.646524071693420410e-01,-9.135741591453552246e-01,1.301894068717956543e+00
-1.341723561286926270e+00,3.172788321971893311e-01,-1.087920308113098145e+00,5.503869652748107910e-01,-1.063454031944274902e+00,1.313245058059692383e+00
-9.085684418678283691e-01,6.505932211875915527e-01,-3.120726943016052246e-01,1.642168164253234863e-01,-1.043472647666931152e+00,1.452006578445434570e+00
-7.814616560935974121e-01,5.230640769004821777e-01,-4.132508933544158936e-01,2.669130563735961914e-01,-9.108826518058776855e-01,1.463622212409973145e+00
-7.479727268218994141e-01,4.792222082614898682e-01,-4.451532065868377686e-01,3.016988933086395264e-01,-8.729252219200134277e-01,1.462992787361145020e+00
-9.384996294975280762e-01,6.347177624702453613e-01,-3.329832255840301514e-01,1.812328845262527466e-01,-1.058605670928955078e+00,1.443173408508300781e+00
-1.222158432006835938e+00,8.106410503387451172e-01,-1.472477167844772339e-01,3.137934207916259766e-02,-1.325526356697082520e+00,1.369136571884155273e+00
-1.638458847999572754e+00,6.299954056739807129e-01,-7.448470592498779297e-01,3.140199780464172363e-01,-1.436444997787475586e+00,1.243412971496582031e+00
-1.636768698692321777e+00,8.282940983772277832e-01,-1.134880855679512024e-01,3.312371671199798584e-02,-1.625552535057067871e+00,1.199869632720947266e+00
-1.326035141944885254e+00,5.717849135398864746e-01,-5.197225213050842285e-01,2.862589657306671143e-01,-1.278204560279846191e+00,1.329843521118164062e+00
-9.006691575050354004e-01,6.523589789867401123e-02,-1.110329985618591309e+00,6.730822920799255371e-01,-7.005737423896789551e-01,1.353531122207641602e+00
-9.990695714950561523e-01,4.772204905748367310e-02,-1.294686317443847656e+00,7.066842913627624512e-01,-6.922284364700317383e-01,1.336102962493896484e+00
-1.469178199768066406e+00,2.600066065788269043e-01,-1.410057544708251953e+00,6.427859067916870117e-01,-1.015101552009582520e+00,1.279511451721191406e+00
-1.741752743721008301e+00,3.913512229919433594e-01,-1.445825099945068359e+00,6.075082421302795410e-01,-1.215592861175537109e+00,1.214915990829467773e+00
-1.577416658401489258e+00,3.480976819992065430e-01,-1.281086087226867676e+00,5.873342156410217285e-01,-1.158448338508605957e+00,1.254403233528137207e+00
-1.364461541175842285e+00,3.274802565574645996e-01,-1.083863377571105957e+00,5.459296107292175293e-01,-1.082511782646179199e+00,1.308235526084899902e+00
-1.431878805160522461e+00,4.029086828231811523e-01,-9.758111238479614258e-01,4.883318245410919189e-01,-1.181214809417724609e+00,1.295930147171020508e+00
-1.660023212432861328e+00,5.690519213676452637e-01,-8.197216391563415527e-01,3.747641444206237793e-01,-1.417555570602416992e+00,1.229485392570495605e+00
-1.757892012596130371e+00,6.765111088752746582e-01,-7.193168997764587402e-01,2.901235520839691162e-01,-1.532150030136108398e+00,1.195134520530700684e+00
-1.833013296127319336e+00,5.109617710113525391e-01,-1.016113042831420898e+00,4.764508306980133057e-01,-1.457518339157104492e+00,1.158414125442504883e+00
-1.819658398628234863e+00,4.290881156921386719e-01,-1.410648941993713379e+00,5.928407907485961914e-01,-1.289736628532409668e+00,1.186783194541931152e+00
-1.510557770729064941e+00,2.761642634868621826e-01,-1.440660834312438965e+00,6.418422460556030273e-01,-1.034729003906250000e+00,1.272399067878723145e+00
-1.013224363327026367e+00,3.943342342972755432e-02,-1.312385916709899902e+00,7.154512405395507812e-01,-6.929702758789062500e-01,1.330671787261962891e+00
-8.768848180770874023e-01,-1.714932173490524292e-02,-1.268818497657775879e+00,7.337375879287719727e-01,-6.044469475746154785e-01,1.337290763854980469e+00
-9.841935634613037109e-01,2.945146523416042328e-02,-1.309048295021057129e+00,7.178704142570495605e-01,-6.721395254135131836e-01,1.333632707595825195e+00
-1.082072615623474121e+00,1.906983554363250732e-01,-1.141055226325988770e+00,6.087647676467895508e-01,-8.394948840141296387e-01,1.355315566062927246e+00
-1.159972906112670898e+00,4.016182720661163330e-01,-7.050543427467346191e-01,4.236594140529632568e-01,-1.081972956657409668e+00,1.360772848129272461e+00
-1.306841015815734863e+00,4.516549706459045410e-01,-7.676186561584472656e-01,4.100957512855529785e-01,-1.172370910644531250e+00,1.332755208015441895e+00
-1.443189978599548340e+00,3.299881219863891602e-01,-1.149880528450012207e+00,5.632025003433227539e-01,-1.112659215927124023e+00,1.287341594696044922e+00
-1.813789725303649902e+00,6.912621259689331055e-01,-7.151123881340026855e-01,2.856793999671936035e-01,-1.573087573051452637e+00,1.170293807983398438e+00
-1.913877248764038086e+00,7.460758090019226074e-01,-5.881441831588745117e-01,2.305068969726562500e-01,-1.683346390724182129e+00,1.111994862556457520e+00
-1.192299842834472656e+00,3.914135098457336426e-01,-7.598561048507690430e-01,4.411267042160034180e-01,-1.085477948188781738e+00,1.353104948997497559e+00
-1.183375120162963867e+00,2.761240005493164062e-01,-1.070783138275146484e+00,5.559362769126892090e-01,-9.524906873703002930e-01,1.349039435386657715e+00
-8.020644187927246094e-01,7.176946848630905151e-02,-9.036210775375366211e-01,6.467790603637695312e-01,-7.105721235275268555e-01,1.363525152206420898e+00
-7.884406447410583496e-01,-6.565199792385101318e-02,-1.167219400405883789e+00,7.540218234062194824e-01,-5.748182535171508789e-01,1.330408096313476562e+00
-7.913141250610351562e-01,-1.909054368734359741e-01,-1.446877360343933105e+00,8.439643979072570801e-01,-4.309855103492736816e-01,1.291081905364990234e+00
-1.228578925132751465e+00,1.416403651237487793e-01,-1.334868073463439941e+00,6.787850260734558105e-01,-8.542441129684448242e-01,1.311721086502075195e+00
-9.140757918357849121e-01,-2.857174165546894073e-02,-1.336735963821411133e+00,7.488355636596679688e-01,-5.996098518371582031e-01,1.328668475151062012e+00
-7.209511995315551758e-01,-1.687605679035186768e-01,-1.233978986740112305e+00,8.189739584922790527e-01,-4.800631701946258545e-01,1.303884267807006836e+00
-8.675711750984191895e-01,2.437592670321464539e-02,-1.139325380325317383e+00,6.992368102073669434e-01,-6.583822369575500488e-01,1.347461938858032227e+00
-1.277892231941223145e+00,4.106877446174621582e-01,-8.654202222824096680e-01,4.491250514984130859e-01,-1.113706111907958984e+00,1.340842247009277344e+00
-1.601928591728210449e+00,5.591775178909301758e-01,-8.238174915313720703e-01,3.749834299087524414e-01,-1.375358343124389648e+00,1.252697110176086426e+00
-1.709665298461914062e+00,6.716544032096862793e-01,-6.850746870040893555e-01,2.810424268245697021e-01,-1.508850812911987305e+00,1.212643146514892578e+00
-1.833589196205139160e+00,7.426739931106567383e-01,-5.084556341171264648e-01,2.057674974203109741e-01,-1.651199340820312500e+00,1.142830729484558105e+00
-1.625375986099243164e+00,6.484172344207763672e-01,-5.743114948272705078e-01,2.674933671951293945e-01,-1.479704022407531738e+00,1.233021736145019531e+00
-1.232988953590393066e+00,4.681192636489868164e-01,-6.441630125045776367e-01,3.736027479171752930e-01,-1.161950588226318359e+00,1.349532365798950195e+00
-1.222923398017883301e+00,4.904929697513580322e-01,-5.993465781211853027e-01,3.497693836688995361e-01,-1.171620845794677734e+00,1.353983163833618164e+00
-1.505912303924560547e+00,6.802890300750732422e-01,-3.988976180553436279e-01,1.985399127006530762e-01,-1.450196743011474609e+00,1.269467353820800781e+00
-1.692846655845642090e+00,7.725790143013000488e-01,-2.503649890422821045e-01,1.115026324987411499e-01,-1.626174688339233398e+00,1.183491468429565430e+00
-1.634398579597473145e+00,6.886411905288696289e-01,-4.487840533256530762e-01,2.134147435426712036e-01,-1.525917172431945801e+00,1.221603035926818848e+00
-1.465807676315307617e+00,5.349196791648864746e-01,-8.021027445793151855e-01,3.720769584178924561e-01,-1.285104990005493164e+00,1.299412965774536133e+00
-1.371950149536132812e+00,4.941894114017486572e-01,-7.396242618560791016e-01,3.820861279964447021e-01,-1.233150243759155273e+00,1.317987322807312012e+00
-1.499428510665893555e+00,6.000204086303710938e-01,-5.834920406341552734e-01,2.922434508800506592e-01,-1.384012699127197266e+00,1.277230858802795410e+00
-1.646186947822570801e+00,6.186376810073852539e-01,-7.758818268775939941e-01,3.288405835628509521e-01,-1.430468201637268066e+00,1.241261243820190430e+00
-1.871887922286987305e+00,5.388675928115844727e-01,-9.463656544685363770e-01,4.500214159488677979e-01,-1.511605381965637207e+00,1.137794494628906250e+00
-1.908939599990844727e+00,6.407276988029479980e-01,-7.931955456733703613e-01,3.517379462718963623e-01,-1.603577017784118652e+00,1.122207045555114746e+00
-1.637776374816894531e+00,3.609543144702911377e-01,-1.343852281570434570e+00,5.964456796646118164e-01,-1.178078651428222656e+00,1.240006685256958008e+00
-1.437847495079040527e+00,2.183782160282135010e-01,-1.518722772598266602e+00,6.743960380554199219e-01,-9.397217631340026855e-01,1.285956263542175293e+00
-1.375269770622253418e+00,3.880469799041748047e-01,-9.753385782241821289e-01,4.912916123867034912e-01,-1.139840006828308105e+00,1.311979055404663086e+00
-1.174573063850402832e+00,6.266117095947265625e-01,-3.861479163169860840e-01,2.113772183656692505e-01,-1.214644551277160645e+00,1.378577947616577148e+00
-1.186916232109069824e+00,6.781113147735595703e-01,-3.204998970031738281e-01,1.622789949178695679e-01,-1.246108889579772949e+00,1.377806067466735840e+00
-1.391999244689941406e+00,6.384024620056152344e-01,-4.322488009929656982e-01,2.269699424505233765e-01,-1.357110619544982910e+00,1.310210824012756348e+00
-1.589966177940368652e+00,6.288776397705078125e-01,-5.998758673667907715e-01,2.830919623374938965e-01,-1.445479154586791992e+00,1.247481107711791992e+00
-1.811945199966430664e+00,7.820858955383300781e-01,-2.525834739208221436e-01,1.136224418878555298e-01,-1.706458687782287598e+00,1.126016736030578613e+00
-1.795124173164367676e+00,8.152588605880737305e-01,-1.485143005847930908e-01,6.113306060433387756e-02,-1.723144888877868652e+00,1.125015377998352051e+00
-1.314804792404174805e+00,6.132515072822570801e-01,-4.453726410865783691e-01,2.419047802686691284e-01,-1.296409368515014648e+00,1.334805607795715332e+00
-8.643227815628051758e-01,2.819280028343200684e-01,-6.799299120903015137e-01,4.821394681930541992e-01,-8.631939291954040527e-01,1.402849555015563965e+00
-8.143588304519653320e-01,3.030742704868316650e-01,-6.339173913002014160e-01,4.580313265323638916e-01,-8.447794914245605469e-01,1.416699528694152832e+00
-1.063557744026184082e+00,4.491140246391296387e-01,-5.788410305976867676e-01,3.638419210910797119e-01,-1.059402346611022949e+00,1.389910578727722168e+00
-1.279451012611389160e+00,5.549670457839965820e-01,-5.247973799705505371e-01,2.955851256847381592e-01,-1.241894721984863281e+00,1.342855453491210938e+00
-1.342706680297851562e+00,5.240443348884582520e-01,-6.222395300865173340e-01,3.395351767539978027e-01,-1.253276109695434570e+00,1.323688149452209473e+00
-1.460370779037475586e+00,4.656517207622528076e-01,-8.813056945800781250e-01,4.338032007217407227e-01,-1.243915796279907227e+00,1.292658090591430664e+00
-1.511592864990234375e+00,3.983086943626403809e-01,-1.047384738922119141e+00,5.122712254524230957e-01,-1.209719896316528320e+00,1.271771788597106934e+00
-1.563508272171020508e+00,5.287818312644958496e-01,-8.400773406028747559e-01,3.948781192302703857e-01,-1.338769197463989258e+00,1.263372182846069336e+00
-1.604486465454101562e+00,6.774150729179382324e-01,-4.596388638019561768e-01,2.212831825017929077e-01,-1.501173734664916992e+00,1.234141349792480469e+00
-1.535670518875122070e+00,6.740483641624450684e-01,-4.268245697021484375e-01,2.111920267343521118e-01,-1.462476015090942383e+00,1.259193539619445801e+00
-1.330755829811096191e+00,4.642540216445922852e-01,-7.700258493423461914e-01,4.038002490997314453e-01,-1.190235018730163574e+00,1.328025341033935547e+00
-1.171766519546508789e+00,3.008162081241607666e-01,-9.716362953186035156e-01,5.276964902877807617e-01,-9.843882322311401367e-01,1.351759672164916992e+00
-1.212625861167907715e+00,2.976094782352447510e-01,-1.052107691764831543e+00,5.427564978599548340e-01,-9.836198091506958008e-01,1.345376729965209961e+00
-1.269074678421020508e+00,2.554562091827392578e-01,-1.150579094886779785e+00,5.901591777801513672e-01,-9.781119823455810547e-01,1.323058843612670898e+00
-1.324080944061279297e+00,3.515200912952423096e-01,-1.018272995948791504e+00,5.156849026679992676e-01,-1.082858562469482422e+00,1.323020696640014648e+00
-8.689188957214355469e-01,3.125565052032470703e-01,-6.493305563926696777e-01,4.569460153579711914e-01,-8.804004788398742676e-01,1.408435225486755371e+00
-1.143798112869262695e+00,6.290631294250488281e-01,-3.762654066085815430e-01,2.057505249977111816e-01,-1.195516586303710938e+00,1.387760758399963379e+00
-1.494770884513854980e+00,7.971313595771789551e-01,-1.716341078281402588e-01,6.211233511567115784e-02,-1.511588335037231445e+00,1.266034126281738281e+00
-1.354659795761108398e+00,6.643105149269104004e-01,-3.754710555076599121e-01,1.942916661500930786e-01,-1.349251627922058105e+00,1.322908401489257812e+00
-1.107854843139648438e+00,3.721622228622436523e-01,-7.125927805900573730e-01,4.411987662315368652e-01,-1.038524627685546875e+00,1.368766307830810547e+00
-1.027827978134155273e+00,2.587299644947052002e-01,-8.388177752494812012e-01,5.294966101646423340e-01,-9.227327704429626465e-01,1.368124842643737793e+00
-1.193320512771606445e+00,2.879209220409393311e-01,-1.054878354072570801e+00,5.473817586898803711e-01,-9.673916697502136230e-01,1.348431706428527832e+00
-1.390194177627563477e+00,2.312013506889343262e-01,-1.352200150489807129e+00,6.440969705581665039e-01,-9.778223037719726562e-01,1.292590737342834473e+00
-1.408180594444274902e+00,2.249896973371505737e-01,-1.410185933113098145e+00,6.562656164169311523e-01,-9.654324054718017578e-01,1.289287447929382324e+00
-1.342395901679992676e+00,2.170208245515823364e-01,-1.313213586807250977e+00,6.428238749504089355e-01,-9.574996829032897949e-01,1.300518989562988281e+00
-1.396197676658630371e+00,2.636421918869018555e-01,-1.265025734901428223e+00,6.145951747894287109e-01,-1.023239016532897949e+00,1.293657422065734863e+00
-1.669328570365905762e+00,3.981547653675079346e-01,-1.241909861564636230e+00,5.634042024612426758e-01,-1.245796918869018555e+00,1.227446556091308594e+00
-1.874911665916442871e+00,4.788665175437927246e-01,-1.212503910064697266e+00,5.396119356155395508e-01,-1.410189628601074219e+00,1.152164459228515625e+00
-1.438018321990966797e+00,4.247319698333740234e-01,-9.343743920326232910e-01,4.679486453533172607e-01,-1.203556895256042480e+00,1.295565128326416016e+00
-9.969925880432128906e-01,3.706948459148406982e-01,-6.455134153366088867e-01,4.244011342525482178e-01,-9.810426235198974609e-01,1.393060922622680664e+00
-1.505855917930603027e+00,6.150005459785461426e-01,-5.490938425064086914e-01,2.756129205226898193e-01,-1.400401830673217773e+00,1.273928165435791016e+00
-1.395476937294006348e+00,2.058199048042297363e-01,-1.455826640129089355e+00,6.707655191421508789e-01,-9.337318539619445801e-01,1.290897011756896973e+00
-1.410058975219726562e+00,1.956334263086318970e-01,-1.548304200172424316e+00,6.867634057998657227e-01,-9.029068946838378906e-01,1.290043950080871582e+00
-1.415399551391601562e+00,3.094444572925567627e-01,-1.170053362846374512e+00,5.757217407226562500e-01,-1.082029223442077637e+00,1.292889833450317383e+00
-1.341798901557922363e+00,5.007233023643493652e-01,-6.752298474311828613e-01,3.646820485591888428e-01,-1.233162403106689453e+00,1.323822975158691406e+00
-1.197187781333923340e+00,4.677284359931945801e-01,-6.205668449401855469e-01,3.672853410243988037e-01,-1.143949389457702637e+00,1.358616471290588379e+00
-9.047033190727233887e-01,1.208333522081375122e-01,-9.703037142753601074e-01,6.262761354446411133e-01,-7.663983106613159180e-01,1.362977623939514160e+00
-7.030542492866516113e-01,-1.551023423671722412e-01,-1.155143022537231445e+00,8.064574003219604492e-01,-5.033884644508361816e-01,1.309038996696472168e+00
-7.749870419502258301e-01,-1.073278039693832397e-01,-1.237827420234680176e+00,7.829040288925170898e-01,-5.281625390052795410e-01,1.319876313209533691e+00
-9.109945297241210938e-01,-2.606888301670551300e-02,-1.330633282661437988e+00,7.464592456817626953e-01,-6.005763411521911621e-01,1.329985976219177246e+00
-1.050105810165405273e+00,8.513452112674713135e-02,-1.274809360504150391e+00,6.871202588081359863e-01,-7.435348629951477051e-01,1.336081624031066895e+00
-1.255074858665466309e+00,2.686084210872650146e-01,-1.121473908424377441e+00,5.760369300842285156e-01,-9.819799661636352539e-01,1.329172730445861816e+00
-1.314552068710327148e+00,4.492415785789489746e-01,-7.945296764373779297e-01,4.162750244140625000e-01,-1.168723106384277344e+00,1.332108139991760254e+00
-1.159369707107543945e+00,6.993600130081176758e-01,-2.889922857284545898e-01,1.389154493808746338e-01,-1.236447572708129883e+00,1.387267708778381348e+00
-1.418427586555480957e+00,4.195226430892944336e-01,-9.351501464843750000e-01,4.692142009735107422e-01,-1.188937425613403320e+00,1.301402568817138672e+00
-1.256775021553039551e+00,4.899934828281402588e-01,-6.221029162406921387e-01,3.565317690372467041e-01,-1.188454627990722656e+00,1.345008611679077148e+00
-8.960821032524108887e-01,3.403456211090087891e-01,-6.321187615394592285e-01,4.368726015090942383e-01,-9.089946746826171875e-01,1.408678054809570312e+00
-7.531577348709106445e-01,2.622901499271392822e-01,-6.456023454666137695e-01,4.844363033771514893e-01,-7.916576862335205078e-01,1.418321490287780762e+00
-1.148384451866149902e+00,3.760330975055694580e-01,-7.423445582389831543e-01,4.458411335945129395e-01,-1.058008313179016113e+00,1.360602974891662598e+00
-1.696952223777770996e+00,5.511752367019653320e-01,-8.324864506721496582e-01,3.950398862361907959e-01,-1.435004472732543945e+00,1.210496306419372559e+00
-1.941716909408569336e+00,7.413386702537536621e-01,-6.206712722778320312e-01,2.448853403329849243e-01,-1.691947817802429199e+00,1.100611329078674316e+00
-2.144786596298217773e+00,6.389732956886291504e-01,-7.952244281768798828e-01,3.884159028530120850e-01,-1.752989172935485840e+00,9.896983504295349121e-01
-2.146365880966186523e+00,6.682945489883422852e-01,-7.826791405677795410e-01,3.647007048130035400e-01,-1.763489484786987305e+00,9.926092624664306641e-01
-1.851289868354797363e+00,7.989382743835449219e-01,-2.060765177011489868e-01,9.203743934631347656e-02,-1.745375752449035645e+00,1.101366758346557617e+00
-1.568424463272094727e+00,9.634153246879577637e-01,1.421091109514236450e-01,-1.382877230644226074e-01,-1.640947461128234863e+00,1.211565017700195312e+00
-1.431642055511474609e+00,9.353633522987365723e-01,5.678291618824005127e-02,-9.966631978750228882e-02,-1.527296066284179688e+00,1.280388116836547852e+00
-1.019517660140991211e+00,6.045356392860412598e-01,-3.804160356521606445e-01,2.164102643728256226e-01,-1.102199792861938477e+00,1.419740319252014160e+00
-7.138842940330505371e-01,1.691661626100540161e-01,-7.132918834686279297e-01,5.553165674209594727e-01,-7.289811372756958008e-01,1.401572465896606445e+00
-7.550905346870422363e-01,8.895535022020339966e-02,-8.201030492782592773e-01,6.247614026069641113e-01,-7.102177739143371582e-01,1.373561263084411621e+00
-1.015334963798522949e+00,8.575525134801864624e-02,-1.254622220993041992e+00,6.804395914077758789e-01,-7.277140617370605469e-01,1.343647122383117676e+00
-1.205270528793334961e+00,3.715097904205322266e-02,-1.627139925956726074e+00,7.604054212570190430e-01,-6.891774535179138184e-01,1.300218701362609863e+00
-1.273265004158020020e+00,8.407854288816452026e-02,-1.655126810073852539e+00,7.420372366905212402e-01,-7.353650927543640137e-01,1.300742030143737793e+00
-1.454591393470764160e+00,2.138521671295166016e-01,-1.618336439132690430e+00,6.872774958610534668e-01,-9.083840847015380859e-01,1.286886692047119141e+00
-1.605232119560241699e+00,3.080500662326812744e-01,-1.576622724533081055e+00,6.503364443778991699e-01,-1.051716685295104980e+00,1.258898854255676270e+00
-1.568672537803649902e+00,3.270885050296783447e-01,-1.348087787628173828e+00,6.079565882682800293e-01,-1.122231125831604004e+00,1.257863879203796387e+00
-1.326622605323791504e+00,4.631459712982177734e-01,-7.654415369033813477e-01,4.035355746746063232e-01,-1.188644170761108398e+00,1.328722357749938965e+00
-1.087369918823242188e+00,6.356695890426635742e-01,-3.569815456867218018e-01,1.938089132308959961e-01,-1.160715699195861816e+00,1.404302358627319336e+00
-1.177625656127929688e+00,5.271589159965515137e-01,-5.221679806709289551e-01,3.073528409004211426e-01,-1.167226910591125488e+00,1.369609594345092773e+00
-1.387689948081970215e+00,3.374426662921905518e-01,-1.080939531326293945e+00,5.418391823768615723e-01,-1.101423740386962891e+00,1.302909374237060547e+00
-1.764604687690734863e+00,3.890448510646820068e-01,-1.660164713859558105e+00,6.373299360275268555e-01,-1.146024942398071289e+00,1.225670337677001953e+00
-1.652303457260131836e+00,3.475573360919952393e-01,-1.456301689147949219e+00,6.210737824440002441e-01,-1.141168475151062012e+00,1.240948200225830078e+00
-1.394334077835083008e+00,3.513896465301513672e-01,-1.057286262512207031e+00,5.300999879837036133e-01,-1.117183566093444824e+00,1.302499294281005859e+00
-1.335900783538818359e+00,3.929932117462158203e-01,-9.418306946754455566e-01,4.784414470195770264e-01,-1.125124096870422363e+00,1.323773622512817383e+00
-1.424693584442138672e+00,4.724383950233459473e-01,-8.766118884086608887e-01,4.235083460807800293e-01,-1.222240328788757324e+00,1.307186961174011230e+00
-1.551471948623657227e+00,5.860688090324401855e-01,-7.681004405021667480e-01,3.395848870277404785e-01,-1.362901568412780762e+00,1.273482441902160645e+00
-1.768715381622314453e+00,7.124766707420349121e-01,-5.569716095924377441e-01,2.317769974470138550e-01,-1.590575695037841797e+00,1.176324248313903809e+00
-1.939123749732971191e+00,7.875691652297973633e-01,-3.879876434803009033e-01,1.544038504362106323e-01,-1.757682681083679199e+00,1.077337026596069336e+00
-2.008655071258544922e+00,7.537233233451843262e-01,-5.953388214111328125e-01,2.382766753435134888e-01,-1.744141936302185059e+00,1.062108516693115234e+00
-2.162124395370483398e+00,5.578429102897644043e-01,-1.154492139816284180e+00,5.292241573333740234e-01,-1.631623744964599609e+00,1.008800387382507324e+00
-2.139125585556030273e+00,5.395631790161132812e-01,-1.526581645011901855e+00,6.066665649414062500e-01,-1.481091618537902832e+00,1.063018202781677246e+00
-2.065193414688110352e+00,5.163181424140930176e-01,-1.419282436370849609e+00,5.869808197021484375e-01,-1.467387080192565918e+00,1.086307764053344727e+00
-1.712798118591308594e+00,5.028207898139953613e-01,-9.365902543067932129e-01,4.501820802688598633e-01,-1.402934789657592773e+00,1.203624367713928223e+00
-1.394673466682434082e+00,5.352193713188171387e-01,-6.466124653816223145e-01,3.402160406112670898e-01,-1.283675074577331543e+00,1.310000538825988770e+00
-1.314403653144836426e+00,5.010793805122375488e-01,-6.464971899986267090e-01,3.574258685111999512e-01,-1.222918510437011719e+00,1.330597400665283203e+00
-1.193332433700561523e+00,4.168497920036315918e-01,-7.065276503562927246e-01,4.159072041511535645e-01,-1.107190251350402832e+00,1.354761838912963867e+00
-1.211013078689575195e+00,3.959082365036010742e-01,-7.747991085052490234e-01,4.416016936302185059e-01,-1.094413042068481445e+00,1.349878787994384766e+00
-1.502389907836914062e+00,5.251029729843139648e-01,-8.449215292930603027e-01,3.903139829635620117e-01,-1.295004606246948242e+00,1.287447571754455566e+00
-1.076705336570739746e+00,2.055010050535202026e-01,-1.099402308464050293e+00,5.946109890937805176e-01,-8.542464971542358398e-01,1.358530998229980469e+00
-1.494809031486511230e+00,3.413452208042144775e-01,-1.180796980857849121e+00,5.667426586151123047e-01,-1.138671040534973145e+00,1.274624586105346680e+00
-1.918843388557434082e+00,4.784570932388305664e-01,-1.306731462478637695e+00,5.635118484497070312e-01,-1.404867768287658691e+00,1.140785336494445801e+00
-1.461477875709533691e+00,3.574822545051574707e-01,-1.100862860679626465e+00,5.407170653343200684e-01,-1.148545026779174805e+00,1.284198522567749023e+00
-1.845319390296936035e+00,7.725440859794616699e-01,-3.045066297054290771e-01,1.362988501787185669e-01,-1.714841842651367188e+00,1.114297389984130859e+00
-1.597903490066528320e+00,6.686891317367553711e-01,-4.789613783359527588e-01,2.310568392276763916e-01,-1.490286946296691895e+00,1.237697005271911621e+00
-9.970498085021972656e-01,2.784059941768646240e-01,-7.703508138656616211e-01,5.055063366889953613e-01,-9.273530840873718262e-01,1.376668930053710938e+00
-8.385927081108093262e-01,1.904614716768264771e-01,-7.670306563377380371e-01,5.546429157257080078e-01,-8.030229806900024414e-01,1.386649131774902344e+00
-9.727540016174316406e-01,4.208068251609802246e-01,-5.753172039985656738e-01,3.770133256912231445e-01,-9.918798804283142090e-01,1.406824588775634766e+00
-1.217130422592163086e+00,5.831694602966308594e-01,-4.572646915912628174e-01,2.586855888366699219e-01,-1.220550179481506348e+00,1.363009572029113770e+00
-1.458657383918762207e+00,6.324999332427978516e-01,-4.755602180957794189e-01,2.448676377534866333e-01,-1.390810966491699219e+00,1.288118958473205566e+00
-1.694571733474731445e+00,4.811707735061645508e-01,-9.866529703140258789e-01,4.712428748607635498e-01,-1.369926571846008301e+00,1.211874485015869141e+00
-1.422803759574890137e+00,3.223075270652770996e-01,-1.146742939949035645e+00,5.651928782463073730e-01,-1.098356962203979492e+00,1.292051911354064941e+00
-1.223135828971862793e+00,1.784931272268295288e-01,-1.251058936119079590e+00,6.461737751960754395e-01,-8.919810652732849121e-01,1.319752693176269531e+00
-1.128429889678955078e+00,8.537676930427551270e-02,-1.327814459800720215e+00,7.018976807594299316e-01,-7.759569883346557617e-01,1.319256424903869629e+00
-1.047755122184753418e+00,-8.609639480710029602e-04,-1.393058776855468750e+00,7.523038983345031738e-01,-6.740273237228393555e-01,1.311716556549072266e+00
-1.091981172561645508e+00,1.804807484149932861e-01,-1.168048858642578125e+00,6.192547678947448730e-01,-8.341019153594970703e-01,1.351235508918762207e+00
-1.160381078720092773e+00,4.396781623363494873e-01,-6.419783830642700195e-01,3.875539898872375488e-01,-1.107531309127807617e+00,1.364904642105102539e+00
-1.142409920692443848e+00,6.397674083709716797e-01,-3.623226881027221680e-01,1.953051835298538208e-01,-1.199350476264953613e+00,1.388917565345764160e+00
-1.058596849441528320e+00,7.551232576370239258e-01,-2.121885418891906738e-01,7.699256390333175659e-02,-1.187242031097412109e+00,1.419842243194580078e+00
-1.003681898117065430e+00,8.354701995849609375e-01,-1.196500658988952637e-01,-4.200730472803115845e-03,-1.174350738525390625e+00,1.438387155532836914e+00
-9.543294310569763184e-01,4.389243423938751221e-01,-5.478857755661010742e-01,3.587494194507598877e-01,-9.891031384468078613e-01,1.413869500160217285e+00
-1.194219589233398438e+00,3.044589757919311523e-01,-1.008555293083190918e+00,5.313423275947570801e-01,-9.876513481140136719e-01,1.349313974380493164e+00
-1.294114470481872559e+00,2.900895774364471436e-01,-1.107239246368408203e+00,5.649555325508117676e-01,-1.018349170684814453e+00,1.322300195693969727e+00
-1.467997074127197266e+00,2.685933411121368408e-01,-1.373310804367065430e+00,6.333155632019042969e-01,-1.030880570411682129e+00,1.279490947723388672e+00
-1.335372567176818848e+00,1.513617485761642456e-01,-1.525596261024475098e+00,7.019401192665100098e-01,-8.506272435188293457e-01,1.297018647193908691e+00
-1.065943241119384766e+00,-5.624374374747276306e-02,-1.553262710571289062e+00,7.977960705757141113e-01,-6.034070253372192383e-01,1.294624924659729004e+00
-1.316324830055236816e+00,1.915055066347122192e-01,-1.342351675033569336e+00,6.586950421333312988e-01,-9.224093556404113770e-01,1.302689671516418457e+00
-1.743119239807128906e+00,5.402950048446655273e-01,-8.591778874397277832e-01,4.140365719795227051e-01,-1.455251336097717285e+00,1.189988017082214355e+00
-1.380431771278381348e+00,4.915290474891662598e-01,-7.711110115051269531e-01,3.894789516925811768e-01,-1.228724241256713867e+00,1.317452192306518555e+00
-1.590430259704589844e+00,6.098597049713134766e-01,-7.414599061012268066e-01,3.223613202571868896e-01,-1.401458859443664551e+00,1.259448051452636719e+00
-1.820960283279418945e+00,6.879354119300842285e-01,-7.268530130386352539e-01,2.914533019065856934e-01,-1.573893547058105469e+00,1.167604327201843262e+00
-1.776575922966003418e+00,6.857045292854309082e-01,-7.068009972572326660e-01,2.832814753055572510e-01,-1.549777507781982422e+00,1.186380863189697266e+00
-1.567570567131042480e+00,6.014313697814941406e-01,-7.029678225517272949e-01,3.193003535270690918e-01,-1.395935535430908203e+00,1.262929677963256836e+00
-1.329670429229736328e+00,4.528973102569580078e-01,-8.200884461402893066e-01,4.186493158340454102e-01,-1.171589732170104980e+00,1.330355882644653320e+00
-1.144425868988037109e+00,2.512101531028747559e-01,-1.084149003028869629e+00,5.696955323219299316e-01,-9.157878160476684570e-01,1.353541612625122070e+00
-1.015058040618896484e+00,7.364416122436523438e-02,-1.270731687545776367e+00,6.897317171096801758e-01,-7.185114622116088867e-01,1.340330958366394043e+00
-1.248564243316650391e+00,2.959299981594085693e-01,-1.076477169990539551e+00,5.512460470199584961e-01,-9.993621706962585449e-01,1.335892438888549805e+00
-1.608954906463623047e+00,6.179109215736389160e-01,-7.450061440467834473e-01,3.192983269691467285e-01,-1.414348483085632324e+00,1.253673195838928223e+00
-1.706076860427856445e+00,6.827188134193420410e-01,-5.691639780998229980e-01,2.495813369750976562e-01,-1.540770530700683594e+00,1.202351212501525879e+00
-1.473110318183898926e+00,6.879546046257019043e-01,-3.705224990844726562e-01,1.846043467521667480e-01,-1.435899496078491211e+00,1.280956625938415527e+00
-1.176100730895996094e+00,7.504819631576538086e-01,-2.248985171318054199e-01,8.957058936357498169e-02,-1.269025564193725586e+00,1.383840560913085938e+00
-1.190371394157409668e+00,7.571181058883666992e-01,-2.171802967786788940e-01,8.391946554183959961e-02,-1.281746864318847656e+00,1.379391074180603027e+00
-1.493739604949951172e+00,7.222728133201599121e-01,-3.104551136493682861e-01,1.482735723257064819e-01,-1.469541192054748535e+00,1.271510243415832520e+00
-1.760606408119201660e+00,7.150040864944458008e-01,-4.865659177303314209e-01,2.138862907886505127e-01,-1.604455947875976562e+00,1.171842575073242188e+00
-1.689383149147033691e+00,6.706773638725280762e-01,-6.217161417007446289e-01,2.671266198158264160e-01,-1.513021707534790039e+00,1.214169621467590332e+00
-1.518931746482849121e+00,5.399392843246459961e-01,-8.348295092582702637e-01,3.800087273120880127e-01,-1.312115311622619629e+00,1.283369660377502441e+00
-1.468599796295166016e+00,4.296420812606811523e-01,-9.408278465270996094e-01,4.693770110607147217e-01,-1.223159670829772949e+00,1.286123752593994141e+00
-1.500866055488586426e+00,2.910197377204895020e-01,-1.354701042175292969e+00,6.217144727706909180e-01,-1.065607070922851562e+00,1.273002743721008301e+00
-1.461973905563354492e+00,2.099982798099517822e-01,-1.736972689628601074e+00,6.977168321609497070e-01,-8.617991209030151367e-01,1.292728543281555176e+00
-1.343059778213500977e+00,2.534628808498382568e-01,-1.221390128135681152e+00,6.092740297317504883e-01,-1.001559734344482422e+00,1.304549455642700195e+00
-1.089263439178466797e+00,4.038852155208587646e-01,-6.519127488136291504e-01,4.087912440299987793e-01,-1.049174904823303223e+00,1.377376437187194824e+00
-1.041936039924621582e+00,3.516061604022979736e-01,-6.963344216346740723e-01,4.482461810111999512e-01,-9.941808581352233887e-01,1.380057692527770996e+00
-1.065090298652648926e+00,1.879685223102569580e-01,-1.125043869018554688e+00,6.073478460311889648e-01,-8.331742882728576660e-01,1.357693195343017578e+00
-1.060861229896545410e+00,3.626642003655433655e-02,-1.346251726150512695e+00,7.265895605087280273e-01,-7.110580205917358398e-01,1.319805860519409180e+00
-1.250716924667358398e+00,4.387223124504089355e-01,-7.200865149497985840e-01,4.073471128940582275e-01,-1.146354198455810547e+00,1.343517661094665527e+00
-1.230910897254943848e+00,2.816753685474395752e-01,-1.090711951255798340e+00,5.603445768356323242e-01,-9.792181849479675293e-01,1.338145613670349121e+00
-1.208245515823364258e+00,3.340630233287811279e-01,-9.334389567375183105e-01,5.042819380760192871e-01,-1.028996706008911133e+00,1.347415447235107422e+00
-1.090607047080993652e+00,5.176428556442260742e-01,-5.028006434440612793e-01,3.046742379665374756e-01,-1.109683036804199219e+00,1.391873240470886230e+00
-1.028526425361633301e+00,6.479673981666564941e-01,-3.325203955173492432e-01,1.767813861370086670e-01,-1.125710844993591309e+00,1.421367645263671875e+00
-1.555508255958557129e+00,6.029202342033386230e-01,-6.521589159965515137e-01,3.080336451530456543e-01,-1.402907252311706543e+00,1.262581348419189453e+00
-1.866127490997314453e+00,5.501579046249389648e-01,-9.029282331466674805e-01,4.328305423259735107e-01,-1.524109601974487305e+00,1.138138532638549805e+00
-1.648271679878234863e+00,5.971370339393615723e-01,-8.014516830444335938e-01,3.494038283824920654e-01,-1.420340776443481445e+00,1.238715767860412598e+00
-1.647579312324523926e+00,6.470507383346557617e-01,-6.572941541671752930e-01,2.866403758525848389e-01,-1.470940709114074707e+00,1.232661604881286621e+00
-1.885601878166198730e+00,7.568784356117248535e-01,-5.161956548690795898e-01,2.026668637990951538e-01,-1.685583114624023438e+00,1.119116902351379395e+00
-1.259815573692321777e+00,1.465242058038711548e-01,-1.371433973312377930e+00,6.828266978263854980e-01,-8.618586063385009766e-01,1.306874394416809082e+00
-1.060526967048645020e+00,1.082802098244428635e-02,-1.386870384216308594e+00,7.459732890129089355e-01,-6.880694031715393066e-01,1.312698960304260254e+00
-8.138653039932250977e-01,-1.538297086954116821e-01,-1.418723225593566895e+00,8.218837976455688477e-01,-4.674451649188995361e-01,1.301702737808227539e+00
-8.085234165191650391e-01,-1.223849281668663025e-01,-1.360349178314208984e+00,7.990309596061706543e-01,-4.961858689785003662e-01,1.313333868980407715e+00
-1.235537886619567871e+00,3.308413624763488770e-01,-9.925913810729980469e-01,5.160577893257141113e-01,-1.026826262474060059e+00,1.343214869499206543e+00
-1.736760735511779785e+00,7.450092434883117676e-01,-3.413917720317840576e-01,1.567425876855850220e-01,-1.630074977874755859e+00,1.169861197471618652e+00
-1.703494191169738770e+00,7.544818520545959473e-01,-3.011237382888793945e-01,1.377011984586715698e-01,-1.618895649909973145e+00,1.182207703590393066e+00
-1.069664597511291504e+00,3.281492590904235840e-01,-7.539241909980773926e-01,4.744672477245330811e-01,-9.915806055068969727e-01,1.370637536048889160e+00
-5.941020250320434570e-01,-1.358292996883392334e-01,-9.717984199523925781e-01,7.774134874343872070e-01,-5.044859647750854492e-01,1.326277852058410645e+00
-1.289407491683959961e+00,4.643446803092956543e-01,-7.043691873550415039e-01,3.903199732303619385e-01,-1.182190656661987305e+00,1.335761904716491699e+00
-1.216081500053405762e+00,2.381313741207122803e-01,-1.148690462112426758e+00,5.945696234703063965e-01,-9.388588070869445801e-01,1.333601355552673340e+00
-1.127580285072326660e+00,1.623640768229961395e-02,-1.480608582496643066e+00,7.566075921058654785e-01,-6.951397657394409180e-01,1.303511023521423340e+00
-1.519755244255065918e+00,4.983793497085571289e-01,-8.580870628356933594e-01,4.142194986343383789e-01,-1.297832965850830078e+00,1.275546431541442871e+00
-1.723984241485595703e+00,7.091192007064819336e-01,-4.548207521438598633e-01,2.077689021825790405e-01,-1.587542891502380371e+00,1.184498667716979980e+00
-1.762780904769897461e+00,7.149857282638549805e-01,-4.938596189022064209e-01,2.157112061977386475e-01,-1.603962302207946777e+00,1.171700358390808105e+00
-1.700073480606079102e+00,4.936957657337188721e-01,-9.533492326736450195e-01,4.576619565486907959e-01,-1.387161374092102051e+00,1.208922386169433594e+00
-1.320828318595886230e+00,1.092519760131835938e-01,-1.764116406440734863e+00,7.373414635658264160e-01,-7.261766791343688965e-01,1.303805232048034668e+00
-1.716862201690673828e+00,4.125563800334930420e-01,-1.262278914451599121e+00,5.644971728324890137e-01,-1.273173332214355469e+00,1.213093876838684082e+00
-1.168392539024353027e+00,1.417170763015747070e-01,-1.267662525177001953e+00,6.648766994476318359e-01,-8.399565815925598145e-01,1.324153304100036621e+00
-1.441944837570190430e+00,3.596653342247009277e-01,-1.077384710311889648e+00,5.334490537643432617e-01,-1.144120573997497559e+00,1.289762377738952637e+00
-1.837580800056457520e+00,6.539034843444824219e-01,-7.803866267204284668e-01,3.294545710086822510e-01,-1.563139081001281738e+00,1.159536719322204590e+00
-1.863705515861511230e+00,7.007881402969360352e-01,-7.152845859527587891e-01,2.853145599365234375e-01,-1.607664704322814941e+00,1.147004365921020508e+00
-1.618662357330322266e+00,5.043124556541442871e-01,-8.698378801345825195e-01,4.248947501182556152e-01,-1.362004518508911133e+00,1.237770080566406250e+00
-1.112800240516662598e+00,7.564232945442199707e-01,-2.135928571224212646e-01,7.931632548570632935e-02,-1.226476311683654785e+00,1.403771877288818359e+00
-9.594104886054992676e-01,5.760179162025451660e-01,-3.995311856269836426e-01,2.367027401924133301e-01,-1.050424933433532715e+00,1.431697964668273926e+00
-8.015885949134826660e-01,3.255421221256256104e-01,-6.062553524971008301e-01,4.376976788043975830e-01,-8.470633625984191895e-01,1.423828601837158203e+00
-1.007161021232604980e+00,3.408426344394683838e-01,-6.891157627105712891e-01,4.521930515766143799e-01,-9.702994227409362793e-01,1.385697960853576660e+00
-1.430358409881591797e+00,5.092289447784423828e-01,-8.328294157981872559e-01,3.910649120807647705e-01,-1.246664047241210938e+00,1.309803605079650879e+00
-1.897006869316101074e+00,4.513271450996398926e-01,-1.574638605117797852e+00,6.157761216163635254e-01,-1.283663868904113770e+00,1.173560261726379395e+00
-1.588658571243286133e+00,5.024706125259399414e-01,-8.616667389869689941e-01,4.209000766277313232e-01,-1.344089508056640625e+00,1.249022245407104492e+00
-1.156390786170959473e+00,6.825382113456726074e-01,-3.101125061511993408e-01,1.551346182823181152e-01,-1.227308511734008789e+00,1.387351274490356445e+00
-1.496051788330078125e+00,5.331623554229736328e-01,-8.379500508308410645e-01,3.825067281723022461e-01,-1.294306874275207520e+00,1.291095852851867676e+00
-1.959145545959472656e+00,5.580059289932250977e-01,-9.394186735153198242e-01,4.487613439559936523e-01,-1.574228882789611816e+00,1.096369147300720215e+00
-1.183303594589233398e+00,3.783124685287475586e-01,-7.799093127250671387e-01,4.521865546703338623e-01,-1.070592403411865234e+00,1.354066014289855957e+00
-5.051839351654052734e-01,1.647173017263412476e-01,-6.136173605918884277e-01,5.361672639846801758e-01,-6.097217202186584473e-01,1.428977727890014648e+00
-6.543588042259216309e-01,-8.757154457271099091e-03,-8.419321775436401367e-01,6.875388622283935547e-01,-6.162869930267333984e-01,1.358382463455200195e+00
-7.560799717903137207e-01,-1.869999915361404419e-01,-1.389288663864135742e+00,8.362203836441040039e-01,-4.332169294357299805e-01,1.296762347221374512e+00
-8.313772082328796387e-01,-2.167182564735412598e-01,-1.501922965049743652e+00,8.681488037109375000e-01,-4.275141060352325439e-01,1.274336099624633789e+00
-1.042168974876403809e+00,-6.412284821271896362e-02,-1.519285559654235840e+00,7.985589504241943359e-01,-6.004015207290649414e-01,1.295207619667053223e+00
-1.268008351325988770e+00,1.017863154411315918e-01,-1.540165066719055176e+00,7.245347499847412109e-01,-7.862572669982910156e-01,1.300735235214233398e+00
-1.406225681304931641e+00,2.158504724502563477e-01,-1.441406130790710449e+00,6.646797657012939453e-01,-9.493117928504943848e-01,1.289484977722167969e+00
-1.736773967742919922e+00,4.682466983795166016e-01,-1.071360111236572266e+00,5.005282163619995117e-01,-1.366507649421691895e+00,1.198936104774475098e+00
-1.933604598045349121e+00,6.211068630218505859e-01,-8.029174208641052246e-01,3.715456426143646240e-01,-1.612917900085449219e+00,1.106549024581909180e+00
-1.694570064544677734e+00,7.670800089836120605e-01,-2.649908363819122314e-01,1.191861703991889954e-01,-1.623183846473693848e+00,1.183739066123962402e+00
-1.484647870063781738e+00,7.368584871292114258e-01,-2.807237803936004639e-01,1.304912418127059937e-01,-1.472275614738464355e+00,1.274162292480468750e+00
-1.227779865264892578e+00,4.311952888965606689e-01,-7.114426493644714355e-01,4.094196259975433350e-01,-1.131914854049682617e+00,1.348141312599182129e+00
-1.022640228271484375e+00,1.953525990247726440e-01,-1.002747178077697754e+00,5.883580446243286133e-01,-8.502240777015686035e-01,1.361970663070678711e+00
-8.787436485290527344e-01,-3.449685173109173775e-03,-1.241065144538879395e+00,7.236229181289672852e-01,-6.199041604995727539e-01,1.340604782104492188e+00
-7.876083254814147949e-01,-1.403634101152420044e-01,-1.356543064117431641e+00,8.085005879402160645e-01,-4.794784188270568848e-01,1.309549689292907715e+00
-8.092822432518005371e-01,5.990284681320190430e-02,-9.456171393394470215e-01,6.583811640739440918e-01,-6.981559991836547852e-01,1.360547423362731934e+00
-7.541633248329162598e-01,3.621804416179656982e-01,-5.532763004302978516e-01,4.016364514827728271e-01,-8.332384824752807617e-01,1.439997553825378418e+00
-8.027837872505187988e-01,3.566532433032989502e-01,-5.765517354011535645e-01,4.116867184638977051e-01,-8.608930110931396484e-01,1.430013895034790039e+00
-9.238392114639282227e-01,1.168968304991722107e-01,-1.021863341331481934e+00,6.343665122985839844e-01,-7.599546313285827637e-01,1.360787510871887207e+00
-9.796059131622314453e-01,-5.763652175664901733e-02,-1.415307760238647461e+00,7.815475463867187500e-01,-6.047707796096801758e-01,1.306699395179748535e+00
-1.190623164176940918e+00,2.306789159774780273e-01,-1.147858738899230957e+00,5.961086750030517578e-01,-9.201134443283081055e-01,1.338673591613769531e+00
-1.411912798881530762e+00,4.996446967124938965e-01,-8.299661278724670410e-01,3.954437077045440674e-01,-1.233213305473327637e+00,1.313965201377868652e+00
-1.435266017913818359e+00,6.032149195671081543e-01,-5.232768654823303223e-01,2.731677591800689697e-01,-1.357404232025146484e+00,1.296532869338989258e+00
-1.361759185791015625e+00,7.807350754737854004e-01,-1.928293257951736450e-01,7.123251259326934814e-02,-1.411890268325805664e+00,1.319407582283020020e+00
-1.352146506309509277e+00,8.383508324623107910e-01,-1.049352660775184631e-01,8.267172612249851227e-03,-1.430174231529235840e+00,1.320909738540649414e+00
-1.433184266090393066e+00,6.979513764381408691e-01,-3.395754098892211914e-01,1.680081188678741455e-01,-1.417337179183959961e+00,1.295103669166564941e+00
-1.537008643150329590e+00,5.843465328216552734e-01,-7.127985358238220215e-01,3.300435543060302734e-01,-1.369378685951232910e+00,1.272928595542907715e+00
-1.184439063072204590e+00,2.671610414981842041e-01,-1.088827848434448242e+00,5.640923380851745605e-01,-9.449298381805419922e-01,1.347402095794677734e+00
-8.379525542259216309e-01,-1.135824248194694519e-01,-1.386158943176269531e+00,7.974728941917419434e-01,-5.072887539863586426e-01,1.312525153160095215e+00
-1.044307827949523926e+00,-7.132937759160995483e-02,-1.544750213623046875e+00,8.042865395545959473e-01,-5.887212157249450684e-01,1.293167471885681152e+00
-1.553537726402282715e+00,2.692473828792572021e-01,-1.729192614555358887e+00,6.768819093704223633e-01,-9.433920979499816895e-01,1.279616951942443848e+00
-1.774467349052429199e+00,3.952197432518005371e-01,-1.586857557296752930e+00,6.278263926506042480e-01,-1.183333396911621094e+00,1.215817093849182129e+00
-1.737882733345031738e+00,4.664592146873474121e-01,-1.078907728195190430e+00,5.031669735908508301e-01,-1.364264369010925293e+00,1.198793530464172363e+00
-1.535206556320190430e+00,5.809115767478942871e-01,-7.363238334655761719e-01,3.362510502338409424e-01,-1.360524177551269531e+00,1.275489330291748047e+00
-1.182760477066040039e+00,5.331043004989624023e-01,-5.158337354660034180e-01,3.023997247219085693e-01,-1.173446178436279297e+00,1.368748307228088379e+00
-1.134397506713867188e+00,3.703998923301696777e-01,-7.391534447669982910e-01,4.482046067714691162e-01,-1.048363208770751953e+00,1.362892270088195801e+00
-1.133524894714355469e+00,5.393739342689514160e-01,-4.894003272056579590e-01,2.898532748222351074e-01,-1.146790623664855957e+00,1.382848262786865234e+00
-9.953603148460388184e-01,1.949267238378524780e-01,-9.382045269012451172e-01,5.807285308837890625e-01,-8.544235825538635254e-01,1.363877773284912109e+00
-1.182200312614440918e+00,2.431118041276931763e-01,-1.126125812530517578e+00,5.841957330703735352e-01,-9.249067902565002441e-01,1.343428611755371094e+00
-1.441885471343994141e+00,2.556887269020080566e-01,-1.367881298065185547e+00,6.372470855712890625e-01,-1.012340903282165527e+00,1.284127354621887207e+00
-1.486857175827026367e+00,4.174159467220306396e-01,-9.805534482002258301e-01,4.861049056053161621e-01,-1.219795703887939453e+00,1.279870986938476562e+00
-1.349411010742187500e+00,6.914802789688110352e-01,-3.305239081382751465e-01,1.651099771261215210e-01,-1.360297918319702148e+00,1.324895977973937988e+00
-1.118934869766235352e+00,4.890097677707672119e-01,-5.504319667816162109e-01,3.349734842777252197e-01,-1.112440586090087891e+00,1.381185293197631836e+00
-9.030649662017822266e-01,8.938781917095184326e-02,-1.051752090454101562e+00,6.532861590385437012e-01,-7.291859984397888184e-01,1.357851147651672363e+00
-9.968843460083007812e-01,1.430850774049758911e-01,-1.116046428680419922e+00,6.299302577972412109e-01,-7.803512215614318848e-01,1.359066963195800781e+00
-1.540232300758361816e+00,5.359299182891845703e-01,-8.375675082206726074e-01,3.861682415008544922e-01,-1.325046300888061523e+00,1.274221539497375488e+00
-1.882403016090393066e+00,7.514876723289489746e-01,-5.402766466140747070e-01,2.118566036224365234e-01,-1.676322340965270996e+00,1.123153924942016602e+00
-1.768939137458801270e+00,6.725644469261169434e-01,-7.356450557708740234e-01,2.976499795913696289e-01,-1.534117817878723145e+00,1.191116929054260254e+00
-1.464566707611083984e+00,3.837489783763885498e-01,-1.041200876235961914e+00,5.150517225265502930e-01,-1.177100658416748047e+00,1.284874558448791504e+00
-1.211394429206848145e+00,2.826660871505737305e-01,-1.079183936119079590e+00,5.558332800865173340e-01,-9.701185822486877441e-01,1.343420028686523438e+00
-1.214944243431091309e+00,3.261483907699584961e-01,-9.707181453704833984e-01,5.146415829658508301e-01,-1.019313216209411621e+00,1.346278786659240723e+00
-1.215997815132141113e+00,3.307754695415496826e-01,-9.566919803619384766e-01,5.100074410438537598e-01,-1.025758504867553711e+00,1.346101403236389160e+00
-1.213211417198181152e+00,1.761463284492492676e-01,-1.246255636215209961e+00,6.459521055221557617e-01,-8.865547180175781250e-01,1.321521520614624023e+00
-1.186170935630798340e+00,3.419558331370353699e-02,-1.571612715721130371e+00,7.573869228363037109e-01,-6.999105811119079590e-01,1.300668835639953613e+00
-1.342647075653076172e+00,2.513210475444793701e-01,-1.225936055183410645e+00,6.111415624618530273e-01,-9.990826845169067383e-01,1.304382562637329102e+00
-1.473497271537780762e+00,5.185391902923583984e-01,-8.478161692619323730e-01,3.918239176273345947e-01,-1.273163914680480957e+00,1.297350883483886719e+00
-1.672530055046081543e+00,5.573438405990600586e-01,-8.262500762939453125e-01,3.861481845378875732e-01,-1.421768426895141602e+00,1.222080111503601074e+00
-1.709308624267578125e+00,5.154905319213867188e-01,-8.979640603065490723e-01,4.340105056762695312e-01,-1.415652632713317871e+00,1.203962206840515137e+00
-1.400902390480041504e+00,4.093599319458007812e-01,-9.464738965034484863e-01,4.757098555564880371e-01,-1.171232938766479492e+00,1.306054711341857910e+00
-1.124512910842895508e+00,2.665455341339111328e-01,-9.919233322143554688e-01,5.484795570373535156e-01,-9.380989074707031250e-01,1.356552243232727051e+00
-1.850115418434143066e+00,5.935815572738647461e-01,-8.160952925682067871e-01,3.822843432426452637e-01,-1.549299597740173340e+00,1.145319223403930664e+00
