-1.529385149478912354e-02,1.203554049134254456e-01,-2.802774906158447266e-01,-4.532041549682617188e-01
1.312139630317687988e-01,5.614188909530639648e-01,-2.772253155708312988e-01,-4.471990764141082764e-01
3.716728091239929199e-01,9.491470456123352051e-01,-2.472808063030242920e-01,-3.574457466602325439e-01
2.382126450538635254e-01,8.425861597061157227e-01,-2.582387030124664307e-01,-3.402151465415954590e-01
-6.606545299291610718e-02,5.392333269119262695e-01,-2.549306452274322510e-01,-3.096468746662139893e-01
7.404351234436035156e-02,-1.886512637138366699e-01,-2.666323184967041016e-01,-1.090705096721649170e-01
-6.050378829240798950e-02,-5.795180201530456543e-01,-2.466624379158020020e-01,-2.538661062717437744e-01
1.659533083438873291e-01,-3.000518679618835449e-01,-2.861116826534271240e-01,-4.219772219657897949e-01
3.431090712547302246e-01,2.599039673805236816e-01,-2.703950703144073486e-01,-7.654535770416259766e-01
3.360506892204284668e-01,3.046194911003112793e-01,-2.723012864589691162e-01,-7.344405651092529297e-01
-6.704382598400115967e-03,-3.254358768463134766e-01,-2.634887099266052246e-01,-1.196756511926651001e-01
-6.221421360969543457e-01,-5.883871912956237793e-01,-2.931904196739196777e-01,9.840440750122070312e-02
-3.666515648365020752e-01,-2.730980515480041504e-01,-2.925178706645965576e-01,1.451781094074249268e-01
-1.174343302845954895e-01,5.903137922286987305e-01,-2.485379725694656372e-01,-1.667228639125823975e-01
7.593132555484771729e-03,8.108420968055725098e-01,-2.359625846147537231e-01,-1.937232017517089844e-01
-1.275139749050140381e-01,6.649393439292907715e-01,-2.492931932210922241e-01,-9.216681122779846191e-02
-6.303502619266510010e-02,2.764410674571990967e-01,-2.785471677780151367e-01,2.508836090564727783e-01
-6.374192982912063599e-02,3.268353044986724854e-01,-2.531935870647430420e-01,-1.135118007659912109e-01
1.025649160146713257e-02,3.367763757705688477e-01,-2.804356217384338379e-01,-5.001418590545654297e-01
-6.450594961643218994e-02,3.090416491031646729e-01,-2.670034468173980713e-01,-4.335690140724182129e-01
-5.212485045194625854e-02,2.063690871000289917e-01,-2.615647912025451660e-01,-2.966376543045043945e-01
-5.066177248954772949e-02,3.472612202167510986e-01,-2.703889012336730957e-01,-4.379324018955230713e-01
1.306130290031433105e-01,4.251770973205566406e-01,-2.821770906448364258e-01,-5.305528640747070312e-01
1.626954972743988037e-01,4.025771617889404297e-01,-2.818963527679443359e-01,-5.653351545333862305e-01
1.316282153129577637e-01,-2.333577871322631836e-01,-2.782723307609558105e-01,-2.757932245731353760e-01
-2.549797296524047852e-01,-6.896002888679504395e-01,-2.426506727933883667e-01,-1.913416534662246704e-01
-3.287632465362548828e-01,-7.209902405738830566e-01,-2.421713173389434814e-01,-1.660517007112503052e-01
-2.421826720237731934e-01,-5.841904282569885254e-01,-2.524945139884948730e-01,-1.291991770267486572e-01
-1.955818533897399902e-01,-4.555551409721374512e-01,-2.621960937976837158e-01,-7.527375221252441406e-02
-3.296879231929779053e-01,-2.270189523696899414e-01,-2.916775047779083252e-01,1.501986384391784668e-01
-4.985995292663574219e-01,1.582507491111755371e-01,-3.259946107864379883e-01,4.757356941699981689e-01
-5.154000520706176758e-01,2.875990867614746094e-01,-3.278495669364929199e-01,5.578641891479492188e-01
-2.629697322845458984e-01,4.548208415508270264e-01,-2.898154854774475098e-01,4.812480509281158447e-01
-5.978713184595108032e-02,9.961178302764892578e-01,-2.315120249986648560e-01,1.770760118961334229e-02
8.711452037096023560e-02,1.083350658416748047e+00,-2.050006240606307983e-01,-6.264871358871459961e-02
2.394007444381713867e-01,9.224204421043395996e-01,-2.497557103633880615e-01,-2.893103957176208496e-01
3.841071724891662598e-01,7.237892746925354004e-01,-2.636801600456237793e-01,-5.082594156265258789e-01
3.787264525890350342e-01,5.600576400756835938e-01,-2.703516185283660889e-01,-6.063061952590942383e-01
2.872907519340515137e-01,1.548818796873092651e-01,-2.690123319625854492e-01,-7.923527956008911133e-01
2.096991539001464844e-01,-1.231732070446014404e-01,-2.510583698749542236e-01,-9.015362262725830078e-01
2.220749258995056152e-01,5.612981319427490234e-01,-2.769254446029663086e-01,-5.068132877349853516e-01
2.597551792860031128e-02,4.704679548740386963e-01,-2.762233018875122070e-01,-4.310250282287597656e-01
-9.134743362665176392e-02,3.836918473243713379e-01,-2.557500898838043213e-01,-3.546830415725708008e-01
-8.952143043279647827e-02,5.288626551628112793e-01,-2.508566379547119141e-01,-2.847158312797546387e-01
-4.534342139959335327e-02,8.134174346923828125e-01,-2.366975843906402588e-01,-1.380159854888916016e-01
-3.131002932786941528e-02,8.993456363677978516e-01,-2.318707853555679321e-01,-8.625927567481994629e-02
-8.349678665399551392e-02,3.027203679084777832e-01,-2.512780129909515381e-01,-2.569013833999633789e-01
-9.744621813297271729e-03,-6.651097536087036133e-01,-2.352130115032196045e-01,-3.647839426994323730e-01
-7.919877022504806519e-02,-7.652720808982849121e-01,-2.285701632499694824e-01,-3.827999234199523926e-01
-9.923409670591354370e-02,-4.635515809059143066e-01,-2.582121193408966064e-01,-1.432210505008697510e-01
-1.476756930351257324e-01,-1.004727482795715332e-01,-2.818519175052642822e-01,1.099888682365417480e-01
-1.152289733290672302e-01,-1.277596354484558105e-01,-2.786406278610229492e-01,7.326832413673400879e-02
-3.438927233219146729e-03,-3.644746541976928711e-01,-2.605278789997100830e-01,-1.481487601995468140e-01
7.976739853620529175e-02,-5.423570275306701660e-01,-2.440441399812698364e-01,-3.532875180244445801e-01
5.372788757085800171e-02,-4.210694432258605957e-01,-2.530426383018493652e-01,-2.416813969612121582e-01
-4.030324518680572510e-02,5.930040776729583740e-02,-2.791338562965393066e-01,1.282221972942352295e-01
-1.666488349437713623e-01,4.199779629707336426e-01,-2.816062569618225098e-01,3.979636728763580322e-01
-1.932831108570098877e-01,2.262832373380661011e-01,-2.895700931549072266e-01,3.187423348426818848e-01
-2.884504795074462891e-01,-3.693174123764038086e-01,-2.766960859298706055e-01,3.780592978000640869e-02
-3.588466048240661621e-01,-6.861105561256408691e-01,-2.485035806894302368e-01,-1.237576454877853394e-01
-2.913448214530944824e-01,-5.842865109443664551e-01,-2.553609609603881836e-01,-9.820647537708282471e-02
-2.035507857799530029e-01,-4.347755312919616699e-01,-2.644277811050415039e-01,-5.693333595991134644e-02
-9.757559746503829956e-02,-1.368875503540039062e-01,-2.772428989410400391e-01,5.647595226764678955e-02
-1.558265089988708496e-01,6.445897817611694336e-01,-2.382271289825439453e-01,9.162423014640808105e-02
-1.738987565040588379e-01,9.356074929237365723e-01,-2.413113415241241455e-01,1.327478587627410889e-01
-1.812513768672943115e-01,6.067312359809875488e-01,-2.562362551689147949e-01,3.901000320911407471e-01
-3.242774605751037598e-01,3.367862403392791748e-01,-3.010880947113037109e-01,4.609613716602325439e-01
-2.971709370613098145e-01,3.004616796970367432e-01,-2.988455295562744141e-01,4.245269596576690674e-01
-8.166826516389846802e-02,3.118411302566528320e-01,-2.786668241024017334e-01,2.819347381591796875e-01
-1.256645023822784424e-01,5.437204241752624512e-01,-2.441775798797607422e-01,-2.966810762882232666e-02
-9.472195059061050415e-02,6.179871559143066406e-01,-2.470991462469100952e-01,-2.151529639959335327e-01
1.960109174251556396e-01,5.765137672424316406e-01,-2.768193483352661133e-01,-4.805143177509307861e-01
3.602476119995117188e-01,5.270553827285766602e-01,-2.719956040382385254e-01,-6.151035428047180176e-01
3.309075236320495605e-01,4.073023796081542969e-01,-2.743115425109863281e-01,-6.696224212646484375e-01
2.761192023754119873e-01,2.018488347530364990e-01,-2.721828222274780273e-01,-7.577328681945800781e-01
1.653650999069213867e-01,1.259695291519165039e-01,-2.748785018920898438e-01,-7.311612367630004883e-01
-1.320808380842208862e-02,-1.745865345001220703e-01,-2.718966305255889893e-01,-2.211520075798034668e-02
-6.064020991325378418e-01,-1.469611823558807373e-01,-3.324224948883056641e-01,3.648811876773834229e-01
-6.397684812545776367e-01,-1.046119928359985352e-01,-3.397614359855651855e-01,4.100493490695953369e-01
-4.711020588874816895e-01,2.498486638069152832e-02,-3.201740384101867676e-01,3.836081326007843018e-01
-2.605471014976501465e-01,1.530828475952148438e-01,-2.965876460075378418e-01,3.229133188724517822e-01
-1.642029881477355957e-01,2.220219373703002930e-01,-2.870792150497436523e-01,2.975923120975494385e-01
-1.515127122402191162e-01,6.676058769226074219e-01,-2.449847310781478882e-01,1.329582929611206055e-02
1.451345533132553101e-02,9.358543753623962402e-01,-2.229101061820983887e-01,-1.066992729902267456e-01
3.681396692991256714e-02,9.857427477836608887e-01,-2.171255052089691162e-01,-9.001508355140686035e-02
3.865738958120346069e-02,1.031235098838806152e+00,-2.137131392955780029e-01,-5.524457991123199463e-02
-1.343145221471786499e-02,1.008357644081115723e+00,-2.247153818607330322e-01,-1.868507266044616699e-02
-1.975590586662292480e-01,8.358066678047180176e-01,-2.415240556001663208e-01,1.657039225101470947e-01
-1.849929988384246826e-01,5.446125268936157227e-01,-2.736504971981048584e-01,4.529697597026824951e-01
-3.496100753545761108e-02,2.446545958518981934e-01,-2.775149345397949219e-01,2.096253931522369385e-01
1.307568252086639404e-01,-2.328887581825256348e-01,-2.778008580207824707e-01,-2.719271779060363770e-01
9.970655292272567749e-02,-3.956086635589599609e-01,-2.555768787860870361e-01,-2.738890647888183594e-01
-2.596412897109985352e-01,-2.405130267143249512e-01,-2.838348746299743652e-01,9.857138991355895996e-02
-4.464483857154846191e-01,-9.839156270027160645e-02,-3.125631809234619141e-01,2.974885106086730957e-01
-1.068314090371131897e-01,2.013742923736572266e-03,-2.819793224334716797e-01,1.415760815143585205e-01
-4.651904851198196411e-02,4.497573673725128174e-01,-2.662612795829772949e-01,-3.847731351852416992e-01
3.544522821903228760e-02,1.429647207260131836e-02,-2.923794686794281006e-01,-5.503542423248291016e-01
1.731096506118774414e-01,2.040061354637145996e-02,-2.672498226165771484e-01,-7.969539165496826172e-01
5.550166219472885132e-02,3.953084349632263184e-02,-2.751299738883972168e-01,-7.020367383956909180e-01
-2.886515110731124878e-02,2.167955338954925537e-01,-2.767370343208312988e-01,-5.226948261260986328e-01
-1.071532592177391052e-01,4.083780646324157715e-01,-2.466696649789810181e-01,-2.283566594123840332e-01
-9.088876098394393921e-02,3.131784796714782715e-01,-2.516508698463439941e-01,-3.032904863357543945e-01
6.244611740112304688e-02,-6.077277660369873047e-02,-2.875261306762695312e-01,-6.700223684310913086e-01
1.627309918403625488e-01,-3.174985051155090332e-01,-2.710817754268646240e-01,-8.466210365295410156e-01
8.009327948093414307e-02,-1.153948307037353516e-01,-2.740429639816284180e-01,-7.622903585433959961e-01
-8.378199487924575806e-02,4.579974114894866943e-01,-2.560499310493469238e-01,-3.356590270996093750e-01
-1.294933557510375977e-01,7.969053387641906738e-01,-2.472800612449645996e-01,-2.269765734672546387e-02
-1.139587685465812683e-01,4.440911710262298584e-01,-2.704984545707702637e-01,3.357584774494171143e-01
-4.027290940284729004e-01,2.702737450599670410e-01,-3.122725486755371094e-01,4.762324392795562744e-01
-4.489307999610900879e-01,1.382826864719390869e-01,-3.189758062362670898e-01,4.335077106952667236e-01
-3.411514759063720703e-01,-4.154771566390991211e-03,-3.032113909721374512e-01,2.867819964885711670e-01
-1.054458841681480408e-01,4.703928232192993164e-01,-2.491714358329772949e-01,-2.819594144821166992e-01
3.203758597373962402e-01,1.044793844223022461e+00,-2.375607192516326904e-01,-2.622930705547332764e-01
3.918900340795516968e-02,9.113797545433044434e-01,-2.257314920425415039e-01,-1.488700062036514282e-01
-6.613085418939590454e-02,3.446967601776123047e-01,-2.735370993614196777e-01,2.621410787105560303e-01
5.764212459325790405e-02,1.710250079631805420e-01,-2.809705138206481934e-01,-6.321440935134887695e-01
2.427012920379638672e-01,8.305774331092834473e-01,-2.594642043113708496e-01,-3.508722484111785889e-01
2.437145411968231201e-01,8.907487392425537109e-01,-2.534650564193725586e-01,-3.127525448799133301e-01
1.195956692099571228e-01,7.472252845764160156e-01,-2.610267996788024902e-01,-3.217510581016540527e-01
2.930339053273200989e-02,1.049971356987953186e-01,-2.774279117584228516e-01,8.739390969276428223e-02
-4.252206385135650635e-01,-2.593588232994079590e-01,-3.003953993320465088e-01,1.891240179538726807e-01
-3.528433442115783691e-01,-2.458020448684692383e-01,-2.929300665855407715e-01,1.531871259212493896e-01
6.745183467864990234e-02,1.597619056701660156e-02,-2.748220860958099365e-01,-5.021268129348754883e-02
1.443825066089630127e-01,4.735647141933441162e-01,-2.809580862522125244e-01,-5.101137757301330566e-01
1.490219831466674805e-01,3.971237540245056152e-01,-2.822690308094024658e-01,-5.596928596496582031e-01
9.563380479812622070e-02,1.626299619674682617e-01,-2.798461616039276123e-01,-6.636381149291992188e-01
6.579214334487915039e-02,7.144659757614135742e-03,-2.727475762367248535e-01,-7.275213003158569336e-01
1.525600254535675049e-01,2.059119045734405518e-01,-2.792830169200897217e-01,-6.760973930358886719e-01
2.962507605552673340e-01,5.331149101257324219e-01,-2.750168442726135254e-01,-5.714248418807983398e-01
3.034991323947906494e-01,5.660080313682556152e-01,-2.738525867462158203e-01,-5.557976365089416504e-01
1.325387656688690186e-01,2.351382672786712646e-01,-2.810944318771362305e-01,-6.457431316375732422e-01
1.077845171093940735e-01,-1.424778401851654053e-01,-3.005391955375671387e-01,-6.209601163864135742e-01
7.858550548553466797e-02,-1.028254628181457520e-01,-2.859581708908081055e-01,-7.031871080398559570e-01
1.019315868616104126e-01,-3.158006072044372559e-02,-2.674672305583953857e-01,-7.776608467102050781e-01
7.677796483039855957e-02,-1.054248511791229248e-01,-2.733629345893859863e-01,-7.605975866317749023e-01
5.363433808088302612e-02,-6.077707409858703613e-01,-2.385209351778030396e-01,-3.767990469932556152e-01
-2.054530382156372070e-01,-7.530761361122131348e-01,-2.374198734760284424e-01,-2.673336267471313477e-01
-4.498819261789321899e-02,-5.224614739418029785e-01,-2.507807612419128418e-01,-2.247580587863922119e-01
5.488038063049316406e-03,5.040876269340515137e-01,-2.713381052017211914e-01,-3.950027227401733398e-01
2.260859012603759766e-01,8.893656134605407715e-01,-2.529278695583343506e-01,-3.019665479660034180e-01
1.517852991819381714e-01,-3.554652929306030273e-01,-2.680387496948242188e-01,-3.457012772560119629e-01
-9.482666105031967163e-02,5.043855309486389160e-01,-2.508836090564727783e-01,-2.901338338851928711e-01
-9.096378833055496216e-02,7.211323380470275879e-01,-2.457281053066253662e-01,-1.458097100257873535e-01
-1.271406412124633789e-01,5.532086491584777832e-01,-2.458929270505905151e-01,-6.908339262008666992e-02
1.056618988513946533e-03,8.676735758781433105e-01,-2.292516976594924927e-01,-1.458363980054855347e-01
-1.989694237709045410e-01,3.799917995929718018e-01,-2.863091528415679932e-01,4.012902081012725830e-01
-4.190531671047210693e-01,1.905474364757537842e-01,-3.151065111160278320e-01,4.434812963008880615e-01
-3.604587018489837646e-01,-8.898030221462249756e-02,-3.024827539920806885e-01,2.502807080745697021e-01
-3.019133806228637695e-01,-2.492149174213409424e-01,-2.873229682445526123e-01,1.196950376033782959e-01
-1.524391472339630127e-01,-2.321741580963134766e-01,-2.759177386760711670e-01,3.563088178634643555e-02
2.820716798305511475e-02,-2.052616477012634277e-01,-2.684046328067779541e-01,-7.144011557102203369e-02
-2.472263574600219727e-01,-4.275985360145568848e-01,-2.680007815361022949e-01,-2.467601001262664795e-02
-4.292306602001190186e-01,-3.818895816802978516e-01,-2.906832993030548096e-01,1.163718402385711670e-01
-3.981178402900695801e-01,-2.911578118801116943e-01,-2.947585582733154297e-01,1.534049808979034424e-01
-7.516879588365554810e-03,1.620254367589950562e-01,-2.648697197437286377e-01,-1.460234820842742920e-01
3.633732199668884277e-01,6.771421432495117188e-01,-2.669792175292968750e-01,-5.244989395141601562e-01
2.787711918354034424e-01,7.050538063049316406e-01,-2.686496078968048096e-01,-4.537760913372039795e-01
-4.054395109415054321e-02,6.711140275001525879e-01,-2.466810792684555054e-01,-2.479980587959289551e-01
-9.324451535940170288e-02,4.513378143310546875e-01,-2.486152052879333496e-01,4.104667901992797852e-02
-1.984284222126007080e-01,1.975557208061218262e-01,-2.903509438037872314e-01,3.069301843643188477e-01
-3.804059624671936035e-01,1.338952183723449707e-01,-3.101006448268890381e-01,3.881379663944244385e-01
-2.170151174068450928e-01,1.870860606431961060e-01,-2.921636998653411865e-01,3.133296072483062744e-01
-7.140816003084182739e-02,6.657211184501647949e-01,-2.449923455715179443e-01,-2.174746096134185791e-01
2.594375908374786377e-01,7.758024930953979492e-01,-2.641729414463043213e-01,-3.967109024524688721e-01
2.732248604297637939e-01,6.895427703857421875e-01,-2.696903944015502930e-01,-4.599498212337493896e-01
2.608546912670135498e-01,3.130986988544464111e-01,-2.769015431404113770e-01,-6.821411848068237305e-01
2.356846034526824951e-01,-2.258796989917755127e-02,-2.592910826206207275e-01,-8.618563413619995117e-01
1.007438227534294128e-01,-2.237894535064697266e-01,-2.667282521724700928e-01,-1.760238707065582275e-01
6.545198708772659302e-02,-1.246004402637481689e-01,-2.704025208950042725e-01,-5.960688740015029907e-02
6.147938221693038940e-02,6.382882595062255859e-03,-2.757621109485626221e-01,7.316410541534423828e-03
-1.134058311581611633e-01,4.578816890716552734e-01,-2.465584725141525269e-01,-2.065557986497879028e-01
-9.213533997535705566e-02,6.441553831100463867e-01,-2.465184479951858521e-01,-2.010893970727920532e-01
7.972693070769309998e-03,1.399581730365753174e-01,-2.778032124042510986e-01,1.265928447246551514e-01
-3.510180413722991943e-01,-1.803033053874969482e-01,-2.968679070472717285e-01,1.911127865314483643e-01
-4.028565287590026855e-01,-2.310524582862854004e-01,-2.996779084205627441e-01,1.926017701625823975e-01
7.291324436664581299e-03,1.100927814841270447e-01,-2.779379785060882568e-01,1.160300076007843018e-01
1.633605062961578369e-01,8.315417170524597168e-01,-2.553902268409729004e-01,-2.972304224967956543e-01
2.558884918689727783e-01,8.380280137062072754e-01,-2.589320838451385498e-01,-3.547129631042480469e-01
1.941505074501037598e-01,4.020414352416992188e-01,-2.809005379676818848e-01,-5.860781669616699219e-01
1.055561006069183350e-01,-1.426921784877777100e-01,-2.594422101974487305e-01,-8.330293893814086914e-01
1.466419994831085205e-01,-2.437838613986968994e-01,-2.960540056228637695e-01,-6.957391500473022461e-01
1.365269124507904053e-01,-2.054097652435302734e-01,-2.904148697853088379e-01,-3.436309695243835449e-01
8.905743807554244995e-02,-1.894577145576477051e-01,-2.670819163322448730e-01,-1.348482370376586914e-01
3.938548266887664795e-03,-2.087678611278533936e-01,-2.695893645286560059e-01,-5.476103723049163818e-02
-9.288216382265090942e-02,-2.295255362987518311e-01,-2.727457284927368164e-01,-1.334697008132934570e-03
-1.899333894252777100e-01,-2.866988480091094971e-01,-2.750374674797058105e-01,2.662254869937896729e-02
-2.964537441730499268e-01,-3.493705391883850098e-01,-2.791532576084136963e-01,5.517600476741790771e-02
-1.555213034152984619e-01,-2.444730699062347412e-01,-2.753994166851043701e-01,3.021647036075592041e-02
1.963248103857040405e-02,-1.089598238468170166e-01,-2.731463611125946045e-01,-7.894068956375122070e-03
3.787340521812438965e-01,4.568659663200378418e-01,-2.716980278491973877e-01,-6.692600250244140625e-01
3.435762822628021240e-01,3.048282563686370850e-01,-2.718448340892791748e-01,-7.390012741088867188e-01
3.274049758911132812e-01,2.565838396549224854e-01,-2.712669670581817627e-01,-7.576260566711425781e-01
3.427064418792724609e-01,4.497729241847991943e-01,-2.737221717834472656e-01,-6.512755155563354492e-01
3.541125655174255371e-01,7.064131498336791992e-01,-2.659261524677276611e-01,-5.004913806915283203e-01
-1.170898899435997009e-01,4.976282715797424316e-01,-2.467833161354064941e-01,-1.415961831808090210e-01
1.581440269947052002e-01,8.936498761177062988e-01,-2.467198669910430908e-01,-2.528918385505676270e-01
2.923965454101562500e-02,4.988707005977630615e-01,-2.746921777725219727e-01,-4.158261716365814209e-01
8.910842984914779663e-02,-3.967208266258239746e-01,-2.549458444118499756e-01,-2.621996700763702393e-01
-3.904410451650619507e-02,-4.144796729087829590e-01,-2.592623829841613770e-01,-1.537022441625595093e-01
-2.181676626205444336e-01,-1.686237454414367676e-01,-2.843548059463500977e-01,1.152116060256958008e-01
-3.059280514717102051e-01,-1.794390380382537842e-02,-2.989397943019866943e-01,2.570525109767913818e-01
-1.602904498577117920e-01,-5.617542564868927002e-02,-2.843025922775268555e-01,1.434214711189270020e-01
1.569761335849761963e-02,-9.462577104568481445e-02,-2.737936079502105713e-01,3.246605396270751953e-03
5.388256162405014038e-02,-1.867577433586120605e-03,-2.756916284561157227e-01,1.672783493995666504e-02
-5.681509524583816528e-02,3.500715494155883789e-01,-2.555167973041534424e-01,-3.010749816894531250e-03
-1.310944557189941406e-01,5.714446306228637695e-01,-2.456042468547821045e-01,-5.332331359386444092e-02
-8.124119788408279419e-02,1.969431936740875244e-01,-2.813118398189544678e-01,2.287818789482116699e-01
-3.051762878894805908e-01,4.060482978820800781e-02,-3.002552092075347900e-01,2.894345223903656006e-01
-2.471611499786376953e-01,-1.544465720653533936e-01,-2.876553833484649658e-01,1.417902708053588867e-01
-5.636981874704360962e-02,-4.153880476951599121e-01,-2.600978314876556396e-01,-1.415454894304275513e-01
-1.388274878263473511e-02,-4.951692819595336914e-01,-2.508302628993988037e-01,-2.320293188095092773e-01
-4.733996093273162842e-02,-4.317589402198791504e-01,-2.584519982337951660e-01,-1.590356826782226562e-01
5.339812487363815308e-02,-2.760325372219085693e-01,-2.623702585697174072e-01,-1.406129300594329834e-01
-2.345029264688491821e-02,3.005123138427734375e-01,-2.771319746971130371e-01,-4.919287860393524170e-01
-7.930490374565124512e-02,3.494533300399780273e-01,-2.611139118671417236e-01,-3.924438953399658203e-01
-4.564975202083587646e-02,-8.082428574562072754e-02,-2.765660583972930908e-01,5.438166856765747070e-02
-1.392919421195983887e-01,6.021665334701538086e-01,-2.441779077053070068e-01,-1.292276382446289062e-02
-1.520492434501647949e-01,7.390422224998474121e-01,-2.472807914018630981e-01,1.136395335197448730e-02
-5.249100178480148315e-02,2.886195480823516846e-01,-2.709797024726867676e-01,-4.612233638763427734e-01
7.404073327779769897e-02,-1.748951673507690430e-01,-2.673944830894470215e-01,-1.007723212242126465e-01
1.690568327903747559e-01,-2.969496548175811768e-01,-2.895611524581909180e-01,-4.509257972240447998e-01
4.610610753297805786e-02,-5.343175530433654785e-01,-2.449984848499298096e-01,-3.161617517471313477e-01
-1.321686804294586182e-01,-6.403627991676330566e-01,-2.453180402517318726e-01,-2.402358055114746094e-01
-1.206505820155143738e-01,-2.897625565528869629e-01,-2.706874310970306396e-01,-1.973654329776763916e-02
-5.796562880277633667e-02,-4.941529035568237305e-01,-2.541495263576507568e-01,-1.936869472265243530e-01
-1.278249174356460571e-02,-6.392892003059387207e-01,-2.378543019294738770e-01,-3.423443734645843506e-01
6.986913830041885376e-02,-4.429110884666442871e-01,-2.515000700950622559e-01,-2.733408808708190918e-01
-6.305435299873352051e-02,2.265155464410781860e-01,-2.609609067440032959e-01,-3.362419009208679199e-01
-5.974670499563217163e-02,3.409454524517059326e-01,-2.542493045330047607e-01,-5.890169739723205566e-02
-1.262472271919250488e-01,5.761207938194274902e-01,-2.480474859476089478e-01,-1.152311339974403381e-01
-1.082511767745018005e-01,7.555582523345947266e-01,-2.474995106458663940e-01,-8.960334211587905884e-02
-7.792798429727554321e-02,6.247196197509765625e-01,-2.470010966062545776e-01,-2.379758059978485107e-01
-1.291009038686752319e-02,3.769326508045196533e-01,-2.764872908592224121e-01,-4.578821957111358643e-01
1.529365777969360352e-02,3.962451517581939697e-01,-2.789946794509887695e-01,-4.684472382068634033e-01
3.905557841062545776e-02,6.636888384819030762e-01,-2.604074776172637939e-01,-3.184243440628051758e-01
5.619571357965469360e-02,8.469191193580627441e-01,-2.378512918949127197e-01,-2.089617252349853516e-01
-2.420318871736526489e-02,7.045457959175109863e-01,-2.451239675283432007e-01,-2.401792705059051514e-01
-1.063158884644508362e-01,3.923587203025817871e-01,-2.475674450397491455e-01,-2.699790298938751221e-01
-8.465023338794708252e-02,4.020484983921051025e-01,-2.580389678478240967e-01,-3.623447716236114502e-01
-5.247437208890914917e-02,5.584441423416137695e-01,-2.559987306594848633e-01,-3.116109967231750488e-01
-1.077302768826484680e-01,4.652078151702880859e-01,-2.466049790382385254e-01,-1.044840812683105469e-01
-6.126091629266738892e-02,2.496366351842880249e-01,-2.792561650276184082e-01,2.386262714862823486e-01
-1.211122348904609680e-01,5.283555388450622559e-01,-2.444660365581512451e-01,1.203102767467498779e-01
-2.147136926651000977e-01,-4.409748315811157227e-02,-2.891919016838073730e-01,1.849365532398223877e-01
-2.850511670112609863e-01,-2.256570160388946533e-01,-2.872012853622436523e-01,1.233413815498352051e-01
6.848959624767303467e-02,-2.567932009696960449e-02,-2.746407985687255859e-01,-1.688548922538757324e-02
1.819920241832733154e-01,5.084291100502014160e-01,-2.795113623142242432e-01,-5.133762359619140625e-01
2.276295721530914307e-01,5.610024333000183105e-01,-2.767906486988067627e-01,-5.105756521224975586e-01
5.939292907714843750e-02,5.843663215637207031e-01,-2.711590230464935303e-01,-3.837861418724060059e-01
-8.005025982856750488e-02,5.930005908012390137e-01,-2.486441433429718018e-01,-2.569736242294311523e-01
1.875796169042587280e-02,9.100935459136962891e-01,-2.249581813812255859e-01,-1.308696419000625610e-01
7.255809754133224487e-02,9.603074193000793457e-01,-2.222691178321838379e-01,-1.421892493963241577e-01
8.012220263481140137e-02,5.367342233657836914e-01,-2.764660716056823730e-01,-4.280228018760681152e-01
7.778970152139663696e-02,1.291721463203430176e-01,-2.789008617401123047e-01,-6.706155538558959961e-01
1.295597851276397705e-01,1.303612291812896729e-01,-2.769604921340942383e-01,-7.051274776458740234e-01
8.339970558881759644e-02,3.196140527725219727e-01,-2.833901941776275635e-01,-5.626941323280334473e-01
4.205164313316345215e-02,4.707382321357727051e-01,-2.776983380317687988e-01,-4.423952102661132812e-01
-3.173529356718063354e-02,4.515400528907775879e-01,-2.691853642463684082e-01,-3.972964584827423096e-01
2.277425490319728851e-02,1.368326991796493530e-01,-2.695064246654510498e-01,-5.395090579986572266e-02
-3.597743809223175049e-03,3.668278455734252930e-03,-2.769730687141418457e-01,7.188847661018371582e-02
-3.175102919340133667e-02,2.731516361236572266e-01,-2.597731053829193115e-01,-4.914957284927368164e-02
-2.145285159349441528e-02,6.829219460487365723e-01,-2.480392903089523315e-01,-2.574965953826904297e-01
1.435334235429763794e-02,6.643341183662414551e-01,-2.563397288322448730e-01,-2.993242740631103516e-01
-8.450468629598617554e-02,3.607394695281982422e-01,-2.588692605495452881e-01,-3.777186870574951172e-01
9.328884631395339966e-02,-1.012194752693176270e-01,-2.769435644149780273e-01,-1.619446575641632080e-01
7.672319561243057251e-02,-1.478723585605621338e-01,-2.688270509243011475e-01,-8.926901966333389282e-02
-1.018121838569641113e-03,-1.808767914772033691e-01,-2.711147665977478027e-01,-3.448067605495452881e-02
6.484750658273696899e-02,-7.702577114105224609e-02,-2.726953625679016113e-01,-3.310105204582214355e-02
9.909134358167648315e-02,1.542308628559112549e-01,-2.793719470500946045e-01,-6.708680391311645508e-01
2.039138674736022949e-01,5.018231868743896484e-01,-2.791971266269683838e-01,-5.316559672355651855e-01
1.872179508209228516e-01,7.908647060394287109e-01,-2.615104019641876221e-01,-3.396385014057159424e-01
1.106887683272361755e-01,5.993267297744750977e-01,-2.740131616592407227e-01,-4.097416996955871582e-01
-1.312680542469024658e-02,2.646185159683227539e-01,-2.790054976940155029e-01,-5.212765932083129883e-01
-4.658237099647521973e-03,9.968149662017822266e-02,-2.836883068084716797e-01,-5.025333762168884277e-01
7.943937927484512329e-02,-1.589079499244689941e-01,-2.682393193244934082e-01,-1.001022756099700928e-01
-1.636221706867218018e-01,-1.953422427177429199e-01,-2.786992788314819336e-01,6.476512551307678223e-02
-2.058599889278411865e-01,-2.059356570243835449e-01,-2.813055217266082764e-01,8.536049723625183105e-02
-1.279720067977905273e-01,-2.095006406307220459e-01,-2.756502628326416016e-01,3.343483805656433105e-02
-1.076229140162467957e-01,-1.572502553462982178e-01,-2.769630551338195801e-01,5.112786591053009033e-02
-1.601821780204772949e-01,1.241680979728698730e-02,-2.860414087772369385e-01,1.819221675395965576e-01
-2.029975056648254395e-01,1.438821554183959961e-01,-2.910027503967285156e-01,2.812429964542388916e-01
6.286744028329849243e-02,3.142742812633514404e-02,-2.760254144668579102e-01,4.134297370910644531e-03
5.951677635312080383e-02,2.368379831314086914e-01,-2.826625406742095947e-01,-5.952763557434082031e-01
-3.838474303483963013e-02,5.809712409973144531e-01,-2.565029263496398926e-01,-3.103259205818176270e-01
-2.342158257961273193e-01,-2.301853299140930176e-01,-2.822272777557373047e-01,8.879777789115905762e-02
-3.004385530948638916e-01,-2.527799606323242188e-01,-2.869313657283782959e-01,1.166331768035888672e-01
-5.129282921552658081e-02,-1.057510673999786377e-01,-2.760377526283264160e-01,4.391990602016448975e-02
-5.551395565271377563e-02,4.225072562694549561e-01,-2.658657729625701904e-01,-3.915591537952423096e-01
1.085536926984786987e-02,3.694568872451782227e-01,-2.795691490173339844e-01,-4.811864197254180908e-01
1.483382284641265869e-01,-2.908436059951782227e-01,-2.770166397094726562e-01,-3.307245373725891113e-01
4.918707162141799927e-02,-6.163192391395568848e-01,-2.378215342760086060e-01,-3.791797161102294922e-01
-5.876027047634124756e-03,-5.823891162872314453e-01,-2.427490651607513428e-01,-3.050386905670166016e-01
-5.334449559450149536e-02,-4.935561418533325195e-01,-2.539023160934448242e-01,-1.969473063945770264e-01
-3.481920808553695679e-02,-3.722898364067077637e-01,-2.620227932929992676e-01,-1.289952695369720459e-01
2.304782718420028687e-02,-1.727281212806701660e-01,-2.703405618667602539e-01,-4.765924811363220215e-02
-8.575017005205154419e-02,3.343896269798278809e-01,-2.581647038459777832e-01,-3.778809309005737305e-01
2.670935690402984619e-01,5.734480619430541992e-01,-2.750995755195617676e-01,-5.281671881675720215e-01
6.577241420745849609e-02,2.479659020900726318e-02,-2.756845951080322266e-01,-9.295940399169921875e-03
-7.920742034912109375e-03,4.027403891086578369e-01,-2.760153710842132568e-01,-4.465999305248260498e-01
1.031683832406997681e-01,1.840991675853729248e-01,-2.804495096206665039e-01,-6.562162637710571289e-01
1.401855945587158203e-01,7.939568161964416504e-02,-2.734377384185791016e-01,-7.415901422500610352e-01
-3.618630021810531616e-02,2.725860178470611572e-01,-2.751525342464447021e-01,-4.914684593677520752e-01
-2.597150579094886780e-02,2.873085737228393555e-01,-2.643615603446960449e-01,7.636389136314392090e-02
-1.619616150856018066e-01,7.310037016868591309e-01,-2.453574836254119873e-01,4.582343995571136475e-02
-1.702342927455902100e-01,6.241374611854553223e-01,-2.452435642480850220e-01,2.968510091304779053e-01
-1.848783195018768311e-01,6.935165524482727051e-01,-2.357904911041259766e-01,2.504194676876068115e-01
2.942604571580886841e-02,9.588973522186279297e-01,-2.199576795101165771e-01,-1.037023961544036865e-01
3.925403952598571777e-01,1.031906723976135254e+00,-2.383907735347747803e-01,-3.168559670448303223e-01
4.065896868705749512e-01,9.282156825065612793e-01,-2.480635493993759155e-01,-3.927464187145233154e-01
2.594286501407623291e-01,4.440688192844390869e-01,-2.779828310012817383e-01,-6.024260520935058594e-01
9.776204824447631836e-02,-4.236638545989990234e-03,-2.698223292827606201e-01,-7.597638368606567383e-01
7.964019477367401123e-02,-9.738782048225402832e-02,-2.909023761749267578e-01,-6.723223924636840820e-01
-1.203728467226028442e-02,-3.822641968727111816e-01,-2.598562836647033691e-01,-1.531578898429870605e-01
-3.282818496227264404e-01,-4.107218384742736816e-01,-2.767625451087951660e-01,3.664709627628326416e-02
-3.568385839462280273e-01,-3.744757771492004395e-01,-2.830966711044311523e-01,7.692459225654602051e-02
-3.574475049972534180e-01,-2.478536069393157959e-01,-2.932979464530944824e-01,1.547787487506866455e-01
-3.586527407169342041e-01,-1.427022218704223633e-01,-2.997718751430511475e-01,2.179269492626190186e-01
-2.003569006919860840e-01,-8.646532893180847168e-02,-2.864972949028015137e-01,1.516695618629455566e-01
-8.267342299222946167e-02,3.616039752960205078e-01,-2.596261203289031982e-01,-3.816069960594177246e-01
2.464686930179595947e-01,4.918662309646606445e-01,-2.779647707939147949e-01,-5.650830268859863281e-01
8.091050386428833008e-02,4.181949198246002197e-01,-2.819624543190002441e-01,-5.015065670013427734e-01
1.100371032953262329e-02,-8.050028979778289795e-02,-2.744140028953552246e-01,1.474140584468841553e-02
-4.530588984489440918e-01,-7.259239256381988525e-02,-3.145368695259094238e-01,3.165113031864166260e-01
-2.899145483970642090e-01,-7.487590610980987549e-02,-2.953564524650573730e-01,2.146467268466949463e-01
2.313778549432754517e-02,-6.515923142433166504e-02,-2.745012640953063965e-01,1.396355032920837402e-02
6.895348429679870605e-02,2.562656998634338379e-03,-2.747491598129272461e-01,-7.316107302904129028e-02
-2.262349799275398254e-02,1.984894573688507080e-01,-2.617600560188293457e-01,-1.477437764406204224e-01
-1.126662716269493103e-01,4.496828913688659668e-01,-2.465306967496871948e-01,-2.155810594558715820e-01
-1.093230172991752625e-01,6.933514475822448730e-01,-2.483335733413696289e-01,-1.285869330167770386e-01
-8.343119174242019653e-02,8.856084942817687988e-01,-2.405790984630584717e-01,-3.677082061767578125e-02
-1.742757260799407959e-01,7.813531756401062012e-01,-2.443452924489974976e-01,8.915445208549499512e-02
-2.698874473571777344e-01,3.460730016231536865e-01,-2.946430444717407227e-01,4.305683672428131104e-01
-4.760301113128662109e-01,2.071536183357238770e-01,-3.228220343589782715e-01,4.885969460010528564e-01
-3.859142661094665527e-01,1.910585910081863403e-01,-3.108455538749694824e-01,4.228229224681854248e-01
-8.728131651878356934e-03,1.657229512929916382e-01,-2.781140208244323730e-01,1.546703577041625977e-01
-5.564326792955398560e-02,4.673827886581420898e-01,-2.629330754280090332e-01,-3.651171326637268066e-01
-3.606433421373367310e-02,4.224714040756225586e-01,-2.702132463455200195e-01,-4.108226597309112549e-01
-3.276859968900680542e-02,3.196809887886047363e-01,-2.751089036464691162e-01,-4.722093641757965088e-01
-6.070367246866226196e-02,2.901464700698852539e-01,-2.683710753917694092e-01,-4.457026720046997070e-01
-5.989496409893035889e-02,2.992626428604125977e-01,-2.539649605751037598e-01,-1.432642638683319092e-01
7.811477035284042358e-02,-2.546109855175018311e-01,-2.629301249980926514e-01,-1.558976769447326660e-01
-7.760608941316604614e-02,-6.420414149761199951e-02,-2.786254882812500000e-01,8.515578508377075195e-02
-2.718534171581268311e-01,1.363496780395507812e-01,-2.977392673492431641e-01,3.210441172122955322e-01
-2.068629115819931030e-02,-4.860779643058776855e-02,-2.764106094837188721e-01,5.543944239616394043e-02
-1.272305101156234741e-02,8.963925242424011230e-01,-2.285624295473098755e-01,-1.092257127165794373e-01
-2.885400503873825073e-02,6.685785651206970215e-01,-2.485761940479278564e-01,-2.606617808341979980e-01
-7.637053728103637695e-03,1.591891795396804810e-01,-2.792507410049438477e-01,-5.742284059524536133e-01
3.414154797792434692e-02,5.048365145921707153e-02,-2.773433327674865723e-01,-6.722518205642700195e-01
1.195973679423332214e-01,2.711025476455688477e-01,-2.823730707168579102e-01,-6.158888339996337891e-01
1.109032332897186279e-01,4.802396297454833984e-01,-2.805482745170593262e-01,-4.837882816791534424e-01
1.180299371480941772e-02,5.957044959068298340e-01,-2.637917399406433105e-01,-3.419048786163330078e-01
-2.437200024724006653e-02,1.319329440593719482e-01,-2.788772284984588623e-01,1.539362370967864990e-01
-3.857346624135971069e-02,-9.119540452957153320e-02,-2.759444415569305420e-01,4.367895424365997314e-02
-6.000845879316329956e-02,-2.566558122634887695e-01,-2.699268460273742676e-01,-3.938196599483489990e-02
-9.594013541936874390e-02,-3.511262536048889160e-01,-2.657875120639801025e-01,-7.375115156173706055e-02
-1.314569413661956787e-01,-4.336917996406555176e-01,-2.613004744052886963e-01,-1.026388853788375854e-01
3.436338156461715698e-02,-2.860839068889617920e-01,-2.630537748336791992e-01,-1.284106522798538208e-01
9.682700037956237793e-03,3.359200954437255859e-01,-2.804043889045715332e-01,-5.002025365829467773e-01
2.156724631786346436e-01,5.114465951919555664e-01,-2.786227166652679443e-01,-5.333495140075683594e-01
3.905716240406036377e-01,6.002850532531738281e-01,-2.686464190483093262e-01,-5.888676643371582031e-01
5.204120278358459473e-01,6.740686297416687012e-01,-2.590705156326293945e-01,-6.216018795967102051e-01
1.483065485954284668e-01,2.810809910297393799e-01,-2.816105782985687256e-01,-6.288554668426513672e-01
9.217187017202377319e-02,-1.231186091899871826e-01,-2.718800604343414307e-01,-1.207840889692306519e-01
2.103489637374877930e-02,-1.444780230522155762e-01,-2.716952562332153320e-01,-2.945245802402496338e-02
-1.937627792358398438e-01,-1.559336781501770020e-01,-2.829687297344207764e-01,1.072037816047668457e-01
-2.719938755035400391e-01,-2.921667695045471191e-01,-2.813801765441894531e-01,7.505384087562561035e-02
-2.594361901283264160e-01,-4.832037091255187988e-01,-2.636324763298034668e-01,-5.247797071933746338e-02
-1.424354612827301025e-01,-2.372645139694213867e-01,-2.750008106231689453e-01,2.614562213420867920e-02
-9.326696395874023438e-03,2.419542074203491211e-01,-2.728503346443176270e-01,1.435408592224121094e-01
-9.373884648084640503e-02,3.853861689567565918e-01,-2.546868026256561279e-01,-3.477579951286315918e-01
-1.160409376025199890e-01,4.860429167747497559e-01,-2.468718588352203369e-01,-1.968118548393249512e-01
-1.388750374317169189e-01,5.962659120559692383e-01,-2.433249950408935547e-01,-2.068281173706054688e-03
-1.346701085567474365e-01,5.902918577194213867e-01,-2.457360476255416870e-01,-4.535001516342163086e-02
-1.096541658043861389e-01,5.126343965530395508e-01,-2.479247450828552246e-01,-2.451168298721313477e-01
-8.962002396583557129e-02,3.196880519390106201e-01,-2.552547156810760498e-01,-3.548077940940856934e-01
7.497397810220718384e-02,-2.041684389114379883e-01,-2.657533288002014160e-01,-1.199002340435981750e-01
-2.385757118463516235e-02,-3.912789821624755859e-01,-2.600194811820983887e-01,-1.498253345489501953e-01
5.448677390813827515e-02,-1.486372351646423340e-01,-2.697469592094421387e-01,-6.109166145324707031e-02
-1.162848994135856628e-01,4.878738522529602051e-01,-2.468341588973999023e-01,-1.730580478906631470e-01
-9.677296131849288940e-02,6.599484682083129883e-01,-2.468366026878356934e-01,-1.803384423255920410e-01
6.711275130510330200e-02,6.621955037117004395e-01,-2.644729912281036377e-01,-3.397112488746643066e-01
3.124193251132965088e-01,6.293524503707885742e-01,-2.712725996971130371e-01,-5.223062038421630859e-01
3.112099170684814453e-01,6.404445171356201172e-01,-2.708566188812255859e-01,-5.146653652191162109e-01
9.586713463068008423e-02,7.072740197181701660e-01,-2.629487812519073486e-01,-3.309968709945678711e-01
-7.550583034753799438e-02,7.391460537910461426e-01,-2.431053817272186279e-01,-1.566717922687530518e-01
-1.116937175393104553e-01,6.154561638832092285e-01,-2.483615130186080933e-01,-1.737319827079772949e-01
-7.222074270248413086e-02,3.302679657936096191e-01,-2.516129612922668457e-01,-1.497961878776550293e-01
5.559597164392471313e-02,3.800453990697860718e-02,-2.765051722526550293e-01,2.650150656700134277e-02
-1.888807117938995361e-01,-1.292760968208312988e-01,-2.838084101676940918e-01,1.196570396423339844e-01
-4.445895254611968994e-01,-2.799999713897705078e-01,-3.012483716011047363e-01,1.883036494255065918e-01
-6.714168936014175415e-02,-1.708225607872009277e-01,-2.743028998374938965e-01,1.662214100360870361e-02
2.571900188922882080e-02,2.882159054279327393e-01,-2.821663320064544678e-01,-5.405153036117553711e-01
1.371100917458534241e-02,2.330856472253799438e-01,-2.813742458820343018e-01,-5.627397298812866211e-01
6.544659286737442017e-02,-2.774972319602966309e-01,-2.617382705211639404e-01,-1.550163030624389648e-01
-9.598471969366073608e-02,-4.032416939735412598e-01,-2.623418569564819336e-01,-1.065635830163955688e-01
-5.237226933240890503e-02,3.460237979888916016e-01,-2.699853777885437012e-01,-4.364853203296661377e-01
5.072853714227676392e-02,-1.659879386425018311e-01,-2.690645158290863037e-01,-6.766308844089508057e-02
6.793123483657836914e-02,-2.895641326904296875e-02,-2.792421579360961914e-01,-1.846955418586730957e-01
1.290950477123260498e-01,3.860616683959960938e-01,-2.827262878417968750e-01,-5.532698631286621094e-01
2.967340052127838135e-01,4.868624210357666016e-01,-2.758112549781799316e-01,-5.999900102615356445e-01
-9.226690977811813354e-02,5.444117784500122070e-01,-2.496364712715148926e-01,-2.700866758823394775e-01
-4.463452100753784180e-02,2.690036296844482422e-01,-2.772163450717926025e-01,2.276060581207275391e-01
-8.903631567955017090e-02,4.185688495635986328e-01,-2.488290965557098389e-01,-6.629747897386550903e-02
-1.129033043980598450e-01,5.740417838096618652e-01,-2.480835914611816406e-01,-1.956961303949356079e-01
-1.261617541313171387e-01,7.751207351684570312e-01,-2.478978335857391357e-01,-4.151915013790130615e-02
-1.519643068313598633e-01,-2.844563722610473633e-01,-2.727140188217163086e-01,3.708139061927795410e-03
-1.288293302059173584e-01,-4.223309159278869629e-01,-2.620480656623840332e-01,-9.710946679115295410e-02
-1.116163358092308044e-01,-6.098107099533081055e-01,-2.471387982368469238e-01,-2.339950799942016602e-01
-7.364801317453384399e-02,-5.929000973701477051e-01,-2.463643848896026611e-01,-2.525774240493774414e-01
8.763579279184341431e-02,-8.964627981185913086e-02,-2.731229364871978760e-01,-1.030984669923782349e-01
-1.563288271427154541e-03,8.188809156417846680e-01,-2.342003732919692993e-01,-1.796110272407531738e-01
2.717057615518569946e-02,8.243339657783508301e-01,-2.366252988576889038e-01,-2.010247558355331421e-01
-2.072789520025253296e-02,2.168442159891128540e-01,-2.780211567878723145e-01,-5.353196859359741211e-01
1.958720982074737549e-01,-5.828231573104858398e-01,-2.401337772607803345e-01,-5.582339763641357422e-01
-5.524738878011703491e-02,3.769867420196533203e-01,-2.681576311588287354e-01,-4.170437753200531006e-01
1.561202108860015869e-02,-2.084785997867584229e-01,-2.689881920814514160e-01,-6.337140500545501709e-02
-2.106539607048034668e-01,-4.138703346252441406e-01,-2.666567265987396240e-01,-3.915552794933319092e-02
-2.346970140933990479e-03,2.034629881381988525e-01,-2.653509378433227539e-01,-4.280045628547668457e-02
-5.034933239221572876e-02,7.442794442176818848e-01,-2.401671707630157471e-01,-1.851554214954376221e-01
-7.963389903306961060e-02,7.350358366966247559e-01,-2.438100576400756836e-01,-1.536902487277984619e-01
-1.137578859925270081e-02,1.504261940717697144e-01,-2.783658504486083984e-01,1.512627005577087402e-01
-4.449953436851501465e-01,-3.768442869186401367e-01,-2.930753827095031738e-01,1.290058791637420654e-01
-1.855680346488952637e-01,3.236217051744461060e-02,-2.884983420372009277e-01,2.092572748661041260e-01
-5.929470062255859375e-02,-2.979131639003753662e-01,-2.676498889923095703e-01,-6.507996469736099243e-02
-1.666136085987091064e-03,-4.880160093307495117e-02,-2.757338881492614746e-01,4.177597165107727051e-02
-1.232188865542411804e-01,5.374217033386230469e-01,-2.427030205726623535e-01,4.685249924659729004e-02
-1.470525860786437988e-01,6.275738477706909180e-01,-2.425232529640197754e-01,2.319949865341186523e-02
2.131279557943344116e-02,1.714400798082351685e-01,-2.741761207580566406e-01,7.758137583732604980e-02
3.578840494155883789e-01,6.167907714843750000e-01,-2.697215974330902100e-01,-5.584987998008728027e-01
2.715072035789489746e-01,4.015231728553771973e-01,-2.774591445922851562e-01,-6.358203887939453125e-01
1.570979952812194824e-01,1.442728042602539062e-01,-2.763110995292663574e-01,-7.151312828063964844e-01
2.811238169670104980e-02,2.156186699867248535e-01,-2.817983925342559814e-01,-5.842963457107543945e-01
-9.662628918886184692e-02,3.431425690650939941e-01,-2.489346265792846680e-01,-2.693275809288024902e-01
-4.312000274658203125e-01,3.501445055007934570e-02,-3.151309788227081299e-01,3.646886646747589111e-01
1.927270367741584778e-02,1.771954596042633057e-01,-2.720059156417846680e-01,4.684068262577056885e-02
2.511634826660156250e-01,5.562368035316467285e-01,-2.762188613414764404e-01,-5.286103487014770508e-01
-7.771784812211990356e-02,3.293884992599487305e-01,-2.507293522357940674e-01,-1.778161525726318359e-01
-8.751511573791503906e-02,3.036488592624664307e-01,-2.794876694679260254e-01,2.840777337551116943e-01
-5.555263161659240723e-02,2.702007293701171875e-01,-2.700661420822143555e-01,-4.600534141063690186e-01
2.478209137916564941e-01,-8.462715148925781250e-02,-2.522619962692260742e-01,-9.046901464462280273e-01
1.870090961456298828e-01,-3.358006775379180908e-01,-2.948453724384307861e-01,-6.014928817749023438e-01
-9.732366353273391724e-02,-6.541962027549743652e-01,-2.420405298471450806e-01,-2.788488864898681641e-01
-1.893454492092132568e-01,-6.363427639007568359e-01,-2.464591264724731445e-01,-1.977799832820892334e-01
-2.309059500694274902e-01,-4.883181452751159668e-01,-2.612220644950866699e-01,-7.382186502218246460e-02
-2.722172737121582031e-01,-3.405296206474304199e-01,-2.776386439800262451e-01,4.551836848258972168e-02
-2.264754176139831543e-01,-2.184028029441833496e-01,-2.822844088077545166e-01,9.096363186836242676e-02
-8.058357983827590942e-02,1.192150861024856567e-01,-2.815877199172973633e-01,1.879323422908782959e-01
-1.081944480538368225e-01,4.865023493766784668e-01,-2.505217194557189941e-01,1.721901595592498779e-01
4.808197170495986938e-02,8.397175669670104980e-01,-2.376031577587127686e-01,-2.074610292911529541e-01
1.184424832463264465e-01,7.200260758399963379e-01,-2.638837695121765137e-01,-3.384659886360168457e-01
-4.346353560686111450e-02,3.373765945434570312e-01,-2.724114358425140381e-01,-4.513474702835083008e-01
1.210559979081153870e-01,-2.281101644039154053e-01,-2.731041014194488525e-01,-2.334305495023727417e-01
3.016047179698944092e-03,-4.818735718727111816e-01,-2.507811188697814941e-01,-2.375991791486740112e-01
-7.381845265626907349e-02,-6.119704246520996094e-01,-2.445160001516342163e-01,-2.668959498405456543e-01
1.693681776523590088e-01,-3.428876996040344238e-01,-2.777062058448791504e-01,-4.143784344196319580e-01
2.215018272399902344e-01,1.594878733158111572e-01,-2.734438776969909668e-01,-7.478369474411010742e-01
1.822963058948516846e-01,1.696831881999969482e-01,-2.762243449687957764e-01,-7.166622877120971680e-01
1.334640979766845703e-01,-3.190033733844757080e-01,-2.668412327766418457e-01,-2.868109047412872314e-01
-1.371223032474517822e-01,-4.901235103607177734e-01,-2.572166025638580322e-01,-1.352805644273757935e-01
2.369744330644607544e-02,-2.211524844169616699e-01,-2.678259313106536865e-01,-7.752559334039688110e-02
-9.764838963747024536e-02,3.426275253295898438e-01,-2.495399713516235352e-01,-2.891136407852172852e-01
-6.765015423297882080e-03,5.567163825035095215e-01,-2.647393047809600830e-01,-3.524378836154937744e-01
2.390518188476562500e-01,7.215003967285156250e-01,-2.682688832283020020e-01,-4.178581535816192627e-01
3.146559596061706543e-01,7.809079289436340332e-01,-2.627788186073303223e-01,-4.288631677627563477e-01
1.019386872649192810e-01,6.596897244453430176e-01,-2.684026062488555908e-01,-3.656545579433441162e-01
-1.068811938166618347e-01,4.946270585060119629e-01,-2.485159337520599365e-01,-2.650949954986572266e-01
6.410563737154006958e-02,-1.866243481636047363e-01,-2.671166360378265381e-01,-9.481722116470336914e-02
-8.884312957525253296e-02,-5.762120485305786133e-01,-2.489295601844787598e-01,-2.276453673839569092e-01
-2.510204017162322998e-01,-4.958646297454833984e-01,-2.617923021316528320e-01,-6.594990193843841553e-02
-4.552187621593475342e-01,-2.215493023395538330e-01,-3.067821264266967773e-01,2.299892008304595947e-01
-4.060072898864746094e-01,-4.384036362171173096e-02,-3.096612691879272461e-01,3.042890429496765137e-01
-8.505710959434509277e-02,1.167213916778564453e-01,-2.818518877029418945e-01,1.896361410617828369e-01
-1.110743805766105652e-01,4.753238558769226074e-01,-2.476641833782196045e-01,-2.553043067455291748e-01
8.334788680076599121e-02,4.249354004859924316e-01,-2.818280160427093506e-01,-4.990580976009368896e-01
-3.150907158851623535e-02,2.658882141113281250e-01,-2.761348187923431396e-01,-5.004378557205200195e-01
1.216955706477165222e-01,4.170992076396942139e-01,-2.823795378208160400e-01,-5.295559167861938477e-01
1.266644746065139771e-01,-1.875388622283935547e-01,-2.864567339420318604e-01,-2.965720891952514648e-01
4.122120887041091919e-02,-2.119956314563751221e-01,-2.671491503715515137e-01,-8.691584318876266479e-02
-1.846504509449005127e-01,-1.697267889976501465e-01,-2.815710604190826416e-01,9.331271052360534668e-02
3.686854243278503418e-02,2.279052138328552246e-02,-2.765098214149475098e-01,4.749512672424316406e-02
1.438657045364379883e-01,6.249629855155944824e-01,-2.736842632293701172e-01,-4.159650802612304688e-01
8.321097493171691895e-02,3.687090873718261719e-01,-2.830469012260437012e-01,-5.330634117126464844e-01
1.240405514836311340e-01,-3.575122356414794922e-01,-2.610422968864440918e-01,-2.853866815567016602e-01
7.832462340593338013e-02,-3.211259841918945312e-01,-2.591480314731597900e-01,-1.993804574012756348e-01
-5.387018620967864990e-02,3.057166934013366699e-01,-2.551040351390838623e-01,-1.025772839784622192e-01
-1.333348155021667480e-01,7.570316195487976074e-01,-2.483362555503845215e-01,-3.448373079299926758e-02
-1.301530599594116211e-01,5.627274513244628906e-01,-2.445417791604995728e-01,-3.550396859645843506e-02
1.266705989837646484e-02,-1.927649974822998047e-02,-2.760354280471801758e-01,4.718115925788879395e-02
6.304072588682174683e-02,-1.673575639724731445e-01,-2.682529389858245850e-01,-8.175234496593475342e-02
8.684535324573516846e-02,-7.683207094669342041e-02,-2.758089900016784668e-01,-1.346371173858642578e-01
8.163297176361083984e-02,-5.958777666091918945e-02,-2.771879434585571289e-01,-1.482380032539367676e-01
-5.422449856996536255e-02,-2.604510188102722168e-01,-2.695003449916839600e-01,-4.555463790893554688e-02
-2.848736047744750977e-01,-4.055311083793640137e-01,-2.731361985206604004e-01,1.290827989578247070e-02
-7.004566490650177002e-02,-1.730410158634185791e-01,-2.743419408798217773e-01,1.723682880401611328e-02
-7.104245573282241821e-02,3.055479526519775391e-01,-2.521224021911621094e-01,-1.845392882823944092e-01
-3.920664638280868530e-02,3.140192627906799316e-01,-2.600300908088684082e-01,3.515394032001495361e-02
2.342756837606430054e-03,1.868118643760681152e-01,-2.768370509147644043e-01,1.434631943702697754e-01
6.843172013759613037e-02,8.130997419357299805e-03,-2.754485011100769043e-01,-1.440826058387756348e-02
1.034330651164054871e-01,-1.491657495498657227e-01,-2.749150395393371582e-01,-1.761607527732849121e-01
-7.151309400796890259e-02,3.955497741699218750e-01,-2.581773698329925537e-01,1.504676640033721924e-01
