-1.110099673271179199e+00,2.948870658874511719e-01,-8.231778740882873535e-01,5.099161863327026367e-01,-9.874264001846313477e-01,1.361965894699096680e+00
-1.300448417663574219e+00,6.226210594177246094e-01,-3.977560102939605713e-01,2.251040935516357422e-01,-1.294585227966308594e+00,1.340779781341552734e+00
-1.474271535873413086e+00,8.572437167167663574e-01,1.290449202060699463e-01,-4.737304896116256714e-02,-1.566786766052246094e+00,1.239957451820373535e+00
-1.500021457672119141e+00,8.020282387733459473e-01,-8.982530236244201660e-02,4.305968433618545532e-02,-1.533365368843078613e+00,1.251632690429687500e+00
-1.487472057342529297e+00,6.044752597808837891e-01,-6.392651200294494629e-01,2.975722253322601318e-01,-1.366825938224792480e+00,1.286125898361206055e+00
-1.168167114257812500e+00,2.750809788703918457e-01,-1.063691616058349609e+00,5.573369264602661133e-01,-9.440397024154663086e-01,1.350316643714904785e+00
-7.882623672485351562e-01,-8.686000853776931763e-02,-1.335816502571105957e+00,7.794906497001647949e-01,-5.106673240661621094e-01,1.326710939407348633e+00
-8.021290898323059082e-01,1.291097849607467651e-01,-9.419652819633483887e-01,6.056774258613586426e-01,-6.979462504386901855e-01,1.389690041542053223e+00
-7.229154706001281738e-01,4.707521200180053711e-01,-3.670622110366821289e-01,3.035390377044677734e-01,-8.729662299156188965e-01,1.464902639389038086e+00
-7.820681333541870117e-01,4.987604320049285889e-01,-3.490376770496368408e-01,2.831297516822814941e-01,-9.230843782424926758e-01,1.457923889160156250e+00
-1.082834959030151367e+00,1.572395265102386475e-01,-1.216539859771728516e+00,6.419867873191833496e-01,-8.068020343780517578e-01,1.347332358360290527e+00
-1.189985394477844238e+00,-3.043663501739501953e-01,-1.972342371940612793e+00,9.952798485755920410e-01,-4.082271158695220947e-01,1.192577362060546875e+00
-1.452821016311645508e+00,1.134719401597976685e-01,-1.624646544456481934e+00,7.576877474784851074e-01,-8.715212941169738770e-01,1.262208938598632812e+00
-1.669801950454711914e+00,6.590288281440734863e-01,-6.777971982955932617e-01,2.837603092193603516e-01,-1.492672681808471680e+00,1.220036745071411133e+00
-1.710888862609863281e+00,8.025548458099365234e-01,-3.724819421768188477e-01,1.191731467843055725e-01,-1.625265955924987793e+00,1.182075381278991699e+00
-1.789252996444702148e+00,7.154225111007690430e-01,-6.367583870887756348e-01,2.463020235300064087e-01,-1.594131708145141602e+00,1.167302966117858887e+00
-1.882723927497863770e+00,5.632697939872741699e-01,-9.434239864349365234e-01,4.301978647708892822e-01,-1.522310733795166016e+00,1.135211229324340820e+00
-1.549962759017944336e+00,5.180211663246154785e-01,-8.308613896369934082e-01,4.023095667362213135e-01,-1.337461352348327637e+00,1.260206460952758789e+00
-1.179843425750732422e+00,4.377147555351257324e-01,-6.529505848884582520e-01,3.911101222038269043e-01,-1.112516164779663086e+00,1.365754127502441406e+00
-1.247579097747802734e+00,4.170315563678741455e-01,-7.613976597785949707e-01,4.289467930793762207e-01,-1.129170060157775879e+00,1.346042752265930176e+00
-1.305478453636169434e+00,3.933221101760864258e-01,-8.553310036659240723e-01,4.664096832275390625e-01,-1.136790871620178223e+00,1.326605439186096191e+00
-1.262203574180603027e+00,4.446455240249633789e-01,-7.216105461120605469e-01,4.042274653911590576e-01,-1.154662966728210449e+00,1.345227718353271484e+00
-1.148377060890197754e+00,5.261974930763244629e-01,-4.786296784877777100e-01,2.989556789398193359e-01,-1.151616454124450684e+00,1.380595207214355469e+00
-1.087731957435607910e+00,5.168300867080688477e-01,-4.588118493556976318e-01,2.991954982280731201e-01,-1.112851142883300781e+00,1.394956946372985840e+00
-9.804027676582336426e-01,2.084419578313827515e-01,-9.832148551940917969e-01,5.727807283401489258e-01,-8.251760005950927734e-01,1.376901149749755859e+00
-8.019457459449768066e-01,-2.655103206634521484e-01,-1.549507021903991699e+00,9.077898263931274414e-01,-3.889420032501220703e-01,1.260862112045288086e+00
-8.124952316284179688e-01,-3.293750882148742676e-01,-1.624561071395874023e+00,9.526132345199584961e-01,-3.458546400070190430e-01,1.234070062637329102e+00
-9.343097209930419922e-01,-1.513412594795227051e-01,-1.533443689346313477e+00,8.495119810104370117e-01,-5.100927948951721191e-01,1.285732030868530273e+00
-1.072236180305480957e+00,-9.928489103913307190e-03,-1.464945316314697266e+00,7.710677385330200195e-01,-6.638976931571960449e-01,1.308439016342163086e+00
-1.486709475517272949e+00,1.646423339843750000e-01,-1.563714027404785156e+00,7.246696352958679199e-01,-9.341726303100585938e-01,1.262694954872131348e+00
-2.125292062759399414e+00,4.958632886409759521e-01,-1.594550371170043945e+00,6.299190521240234375e-01,-1.418513059616088867e+00,1.082486987113952637e+00
-2.305327415466308594e+00,6.104285120964050293e-01,-1.522176861763000488e+00,5.806351304054260254e-01,-1.594296932220458984e+00,9.910319447517395020e-01
-2.289486169815063477e+00,6.891344189643859863e-01,-1.043203234672546387e+00,4.244384765625000000e-01,-1.780330538749694824e+00,9.383589029312133789e-01
-2.041547060012817383e+00,9.141311645507812500e-01,-2.771730720996856689e-01,3.440840914845466614e-02,-1.886761665344238281e+00,9.954956173896789551e-01
-1.939404964447021484e+00,9.526925086975097656e-01,-5.512278899550437927e-02,-5.704412609338760376e-02,-1.875444769859313965e+00,1.018213987350463867e+00
-1.588189601898193359e+00,8.427913188934326172e-01,-2.532782219350337982e-02,1.381298643536865711e-03,-1.614731311798095703e+00,1.206234216690063477e+00
-1.205396771430969238e+00,7.579461932182312012e-01,-3.537484258413314819e-02,5.646982043981552124e-02,-1.330437541007995605e+00,1.356662034988403320e+00
-1.025292515754699707e+00,6.698645353317260742e-01,-1.546368747949600220e-01,1.378411352634429932e-01,-1.164596915245056152e+00,1.413544535636901855e+00
-6.664274930953979492e-01,3.755167424678802490e-01,-4.697017967700958252e-01,3.821154534816741943e-01,-7.942692637443542480e-01,1.459419846534729004e+00
-4.384605288505554199e-01,1.234938949346542358e-01,-6.500911116600036621e-01,5.690856575965881348e-01,-5.522792339324951172e-01,1.428913354873657227e+00
-1.201265454292297363e+00,6.364213228225708008e-01,-3.046731352806091309e-01,1.936687231063842773e-01,-1.249563574790954590e+00,1.368268609046936035e+00
-1.310451030731201172e+00,5.457223653793334961e-01,-5.659408569335937500e-01,3.103790283203125000e-01,-1.246630907058715820e+00,1.338287830352783203e+00
-1.366399884223937988e+00,4.856943190097808838e-01,-7.627329826354980469e-01,3.926553726196289062e-01,-1.227336764335632324e+00,1.319602131843566895e+00
-1.511625766754150391e+00,6.006812453269958496e-01,-6.765294075012207031e-01,3.097521960735321045e-01,-1.374114513397216797e+00,1.278537034988403320e+00
-1.787573218345642090e+00,8.073862791061401367e-01,-4.279528856277465820e-01,1.334833502769470215e-01,-1.665206670761108398e+00,1.151321053504943848e+00
-1.877286553382873535e+00,8.597877025604248047e-01,-3.403746485710144043e-01,8.084111660718917847e-02,-1.755296826362609863e+00,1.096139550209045410e+00
-1.404799342155456543e+00,4.624927043914794922e-01,-8.348618149757385254e-01,4.259378314018249512e-01,-1.228602766990661621e+00,1.304950952529907227e+00
-6.143198013305664062e-01,-1.593032330274581909e-01,-1.286068320274353027e+00,8.072257637977600098e-01,-3.994061648845672607e-01,1.320140600204467773e+00
-5.453146100044250488e-01,-2.868679463863372803e-01,-1.359746336936950684e+00,8.873850703239440918e-01,-2.970056831836700439e-01,1.277073621749877930e+00
-9.833273291587829590e-01,1.217942684888839722e-02,-1.359698534011840820e+00,7.379212975502014160e-01,-6.529503464698791504e-01,1.329342007637023926e+00
-1.503331899642944336e+00,3.052772283554077148e-01,-1.286612391471862793e+00,6.050876379013061523e-01,-1.093693375587463379e+00,1.273301839828491211e+00
-1.439605712890625000e+00,2.898075878620147705e-01,-1.260729789733886719e+00,6.034218668937683105e-01,-1.057890415191650391e+00,1.288458943367004395e+00
-1.026651620864868164e+00,1.255347579717636108e-01,-1.225586533546447754e+00,6.575087308883666992e-01,-7.589772343635559082e-01,1.350622653961181641e+00
-6.881981492042541504e-01,-1.615456864237785339e-02,-1.173397064208984375e+00,7.128868699073791504e-01,-5.204805135726928711e-01,1.360884189605712891e+00
-8.828239440917968750e-01,8.775385469198226929e-02,-1.174367547035217285e+00,6.631272435188293457e-01,-6.733972430229187012e-01,1.364681601524353027e+00
-1.606617808341979980e+00,4.321537911891937256e-01,-1.067810416221618652e+00,5.042477250099182129e-01,-1.269849538803100586e+00,1.245447635650634766e+00
-2.155300617218017578e+00,6.542252302169799805e-01,-9.541523456573486328e-01,4.077891111373901367e-01,-1.715864777565002441e+00,1.002778530120849609e+00
-1.953958034515380859e+00,5.361551642417907715e-01,-1.143711805343627930e+00,4.957280457019805908e-01,-1.494831919670104980e+00,1.119832634925842285e+00
-1.262385964393615723e+00,4.317813739180564880e-02,-1.554219365119934082e+00,7.687401771545410156e-01,-7.622656822204589844e-01,1.287417650222778320e+00
-8.813781738281250000e-01,-3.040213286876678467e-01,-1.659435987472534180e+00,9.458671212196350098e-01,-3.797738552093505859e-01,1.236161708831787109e+00
-9.711283445358276367e-01,-1.695252507925033569e-01,-1.587280511856079102e+00,8.684924840927124023e-01,-5.054270029067993164e-01,1.274279952049255371e+00
-1.106628537178039551e+00,7.087348960340023041e-03,-1.469781875610351562e+00,7.647816538810729980e-01,-6.885121464729309082e-01,1.307170152664184570e+00
-1.412199974060058594e+00,2.859704196453094482e-01,-1.244022488594055176e+00,6.002975702285766602e-01,-1.045130968093872070e+00,1.294972658157348633e+00
-1.961873650550842285e+00,7.416729927062988281e-01,-7.082006931304931641e-01,2.654697895050048828e-01,-1.698531150817871094e+00,1.084266543388366699e+00
-2.169847249984741211e+00,9.002344012260437012e-01,-4.531348645687103271e-01,1.025357767939567566e-01,-1.927517294883728027e+00,9.419093132019042969e-01
-2.256949186325073242e+00,7.579715847969055176e-01,-7.919729948043823242e-01,3.127012848854064941e-01,-1.861334562301635742e+00,9.222011566162109375e-01
-2.205745220184326172e+00,6.203944683074951172e-01,-1.225101947784423828e+00,4.960679113864898682e-01,-1.647599577903747559e+00,1.007964253425598145e+00
-2.137626171112060547e+00,5.920944809913635254e-01,-1.219527959823608398e+00,5.021010041236877441e-01,-1.599219799041748047e+00,1.041935443878173828e+00
-1.942685246467590332e+00,5.844781994819641113e-01,-9.387886524200439453e-01,4.227724671363830566e-01,-1.567734241485595703e+00,1.107877373695373535e+00
-1.777334570884704590e+00,6.592493057250976562e-01,-7.445986866950988770e-01,3.108001351356506348e-01,-1.547507286071777344e+00,1.174566507339477539e+00
-1.628605484962463379e+00,6.717407107353210449e-01,-6.273636221885681152e-01,2.604511678218841553e-01,-1.481221079826354980e+00,1.235008716583251953e+00
-1.247081398963928223e+00,6.417104601860046387e-01,-3.211537897586822510e-01,1.948575824499130249e-01,-1.278649568557739258e+00,1.355298399925231934e+00
-1.008434414863586426e+00,6.462253928184509277e-01,-1.935054212808609009e-01,1.609309613704681396e-01,-1.140659213066101074e+00,1.418105840682983398e+00
-9.050506353378295898e-01,5.646762847900390625e-01,-2.949737012386322021e-01,2.323452085256576538e-01,-1.032375216484069824e+00,1.439343690872192383e+00
-7.327609658241271973e-01,4.059493541717529297e-01,-4.567513167858123779e-01,3.615451455116271973e-01,-8.484104275703430176e-01,1.454116940498352051e+00
-7.716413736343383789e-01,3.094027340412139893e-01,-5.930137038230895996e-01,4.482311308383941650e-01,-8.247516751289367676e-01,1.430973768234252930e+00
-1.286850810050964355e+00,2.733202874660491943e-01,-1.162698149681091309e+00,5.831986665725708008e-01,-9.884153008460998535e-01,1.323819994926452637e+00
-1.790567755699157715e+00,1.950744092464447021e-01,-1.901976108551025391e+00,7.908582687377929688e-01,-9.755622148513793945e-01,1.195464968681335449e+00
-1.869364261627197266e+00,2.369122952222824097e-01,-1.933672904968261719e+00,7.840615510940551758e-01,-1.021997809410095215e+00,1.179556012153625488e+00
-1.929652571678161621e+00,3.754687011241912842e-01,-1.637878537178039551e+00,6.747449636459350586e-01,-1.241818189620971680e+00,1.157228708267211914e+00
-1.923862814903259277e+00,4.851859509944915771e-01,-1.280708551406860352e+00,5.486587285995483398e-01,-1.413118243217468262e+00,1.141771316528320312e+00
-1.922002553939819336e+00,5.329916477203369141e-01,-1.110387206077575684e+00,4.870593845844268799e-01,-1.485069394111633301e+00,1.130982041358947754e+00
-1.900506615638732910e+00,7.361471652984619141e-01,-6.727371215820312500e-01,2.522965967655181885e-01,-1.664196968078613281e+00,1.115350246429443359e+00
-1.854520440101623535e+00,8.814687728881835938e-01,-2.637048065662384033e-01,4.547556862235069275e-02,-1.762580752372741699e+00,1.097465395927429199e+00
-1.886166930198669434e+00,9.080393910408020020e-01,-1.966421455144882202e-01,1.095532812178134918e-02,-1.803204178810119629e+00,1.070817351341247559e+00
-1.942222237586975098e+00,9.306505322456359863e-01,-1.515997350215911865e-01,-1.493643876165151596e-02,-1.853832006454467773e+00,1.032339453697204590e+00
-1.991536259651184082e+00,9.180626273155212402e-01,-2.207420617341995239e-01,1.413261517882347107e-02,-1.867839097976684570e+00,1.015765666961669922e+00
-2.158402681350708008e+00,8.549989461898803711e-01,-5.782256722450256348e-01,1.702423542737960815e-01,-1.882111310958862305e+00,9.635488986968994141e-01
-2.292884111404418945e+00,7.264233827590942383e-01,-8.605272173881530762e-01,3.561416268348693848e-01,-1.850673794746398926e+00,9.101476669311523438e-01
-1.812029123306274414e+00,5.432720184326171875e-01,-9.320216178894042969e-01,4.325707852840423584e-01,-1.475211024284362793e+00,1.164468526840209961e+00
-9.840240478515625000e-01,2.100045382976531982e-01,-9.851009845733642578e-01,5.723134875297546387e-01,-8.274890184402465820e-01,1.376515388488769531e+00
-8.606718182563781738e-01,1.142840981483459473e-01,-1.111170172691345215e+00,6.377721428871154785e-01,-6.856291294097900391e-01,1.374919652938842773e+00
-1.413175225257873535e+00,1.679902821779251099e-01,-1.481851339340209961e+00,7.035489082336425781e-01,-9.228889346122741699e-01,1.280032873153686523e+00
-1.747274160385131836e+00,2.633415162563323975e-01,-1.664860725402832031e+00,7.156315445899963379e-01,-1.082299113273620605e+00,1.208180904388427734e+00
-1.597715854644775391e+00,3.867365419864654541e-01,-1.182621955871582031e+00,5.503479838371276855e-01,-1.213419079780578613e+00,1.249669075012207031e+00
-1.365658402442932129e+00,5.286922454833984375e-01,-6.635063290596008301e-01,3.443298041820526123e-01,-1.258898854255676270e+00,1.322290897369384766e+00
-9.475706815719604492e-01,2.108800709247589111e-01,-8.074250221252441406e-01,5.513889193534851074e-01,-8.602633476257324219e-01,1.380448818206787109e+00
-6.430807113647460938e-01,2.274867296218872070e-01,-6.293966770172119141e-01,5.035926103591918945e-01,-7.136046290397644043e-01,1.432690382003784180e+00
-8.023500442504882812e-01,2.025199979543685913e-01,-7.331542372703552246e-01,5.409568548202514648e-01,-7.884743213653564453e-01,1.403242468833923340e+00
-1.105056762695312500e+00,3.379248976707458496e-01,-7.573615312576293945e-01,4.710251688957214355e-01,-1.014143586158752441e+00,1.370313286781311035e+00
-1.499985814094543457e+00,5.342847108840942383e-01,-7.929981350898742676e-01,3.781702220439910889e-01,-1.321941375732421875e+00,1.279993176460266113e+00
-1.370441079139709473e+00,4.544779062271118164e-01,-8.232805728912353516e-01,4.258530437946319580e-01,-1.207349777221679688e+00,1.314968347549438477e+00
-7.809920907020568848e-01,1.384790539741516113e-01,-7.876169681549072266e-01,5.878804922103881836e-01,-7.404105067253112793e-01,1.392137527465820312e+00
-4.184393882751464844e-01,-3.665675222873687744e-02,-7.858676910400390625e-01,6.861780881881713867e-01,-4.632958173751831055e-01,1.384001016616821289e+00
-6.490088105201721191e-01,8.623901009559631348e-02,-7.735577821731567383e-01,6.156058907508850098e-01,-6.494151949882507324e-01,1.396376609802246094e+00
-1.424215912818908691e+00,5.415688753128051758e-01,-7.089800834655761719e-01,3.491643667221069336e-01,-1.292576909065246582e+00,1.305508732795715332e+00
-1.929953455924987793e+00,8.023738265037536621e-01,-5.311759114265441895e-01,1.721983551979064941e-01,-1.731455922126770020e+00,1.090907573699951172e+00
-2.088722705841064453e+00,6.592195034027099609e-01,-8.641187548637390137e-01,3.757651150226593018e-01,-1.704823255538940430e+00,1.027843952178955078e+00
-2.191571950912475586e+00,5.803607106208801270e-01,-1.382204890251159668e+00,5.508232116699218750e-01,-1.569680094718933105e+00,1.032458066940307617e+00
-2.061001777648925781e+00,4.757785499095916748e-01,-1.539515614509582520e+00,6.212431788444519043e-01,-1.395450234413146973e+00,1.104493737220764160e+00
-1.790712714195251465e+00,3.578746616840362549e-01,-1.480392217636108398e+00,6.398309469223022461e-01,-1.216004610061645508e+00,1.195989489555358887e+00
-1.485750794410705566e+00,5.608844161033630371e-01,-7.355831265449523926e-01,3.467311859130859375e-01,-1.333292961120605469e+00,1.286629438400268555e+00
-1.637908220291137695e+00,8.935500383377075195e-01,1.608837693929672241e-01,-8.072424679994583130e-02,-1.692273020744323730e+00,1.159488081932067871e+00
-1.791783809661865234e+00,8.644258975982666016e-01,-2.583383023738861084e-01,5.295910313725471497e-02,-1.717788219451904297e+00,1.129870414733886719e+00
-1.938012719154357910e+00,5.993900299072265625e-01,-8.895733356475830078e-01,4.024420082569122314e-01,-1.584827661514282227e+00,1.105675339698791504e+00
-9.433950781822204590e-01,3.121085464954376221e-01,-6.779993772506713867e-01,4.665232300758361816e-01,-9.195111989974975586e-01,1.400522232055664062e+00
-1.481684684753417969e+00,7.958400845527648926e-01,-9.445398300886154175e-02,4.796446487307548523e-02,-1.518543481826782227e+00,1.259673714637756348e+00
-1.548069596290588379e+00,8.268976807594299316e-01,-4.632456973195075989e-02,1.666167005896568298e-02,-1.579879403114318848e+00,1.226659893989562988e+00
-1.519821166992187500e+00,7.464087605476379395e-01,-2.876068353652954102e-01,1.273744702339172363e-01,-1.496324896812438965e+00,1.259315609931945801e+00
-1.578725099563598633e+00,4.605956375598907471e-01,-9.506291747093200684e-01,4.631095230579376221e-01,-1.296070575714111328e+00,1.251591444015502930e+00
-1.514671325683593750e+00,1.131390631198883057e-01,-1.694878101348876953e+00,7.738251686096191406e-01,-8.783900141716003418e-01,1.248468279838562012e+00
-1.479247570037841797e+00,1.422788053750991821e-01,-1.598971843719482422e+00,7.411406040191650391e-01,-9.077819585800170898e-01,1.261059641838073730e+00
-1.374640822410583496e+00,3.906090259552001953e-01,-9.435067176818847656e-01,4.864571392536163330e-01,-1.147007346153259277e+00,1.309950351715087891e+00
-1.187734723091125488e+00,5.634088516235351562e-01,-4.369016289710998535e-01,2.678492963314056396e-01,-1.195933222770690918e+00,1.371964931488037109e+00
-1.096643447875976562e+00,5.097964406013488770e-01,-4.755150973796844482e-01,3.072617650032043457e-01,-1.113613247871398926e+00,1.392333269119262695e+00
-8.912661075592041016e-01,3.160061240196228027e-01,-6.435978412628173828e-01,4.562363624572753906e-01,-8.940380811691284180e-01,1.411235809326171875e+00
-7.545254230499267578e-01,1.783056855201721191e-01,-7.347781062126159668e-01,5.551236271858215332e-01,-7.514027953147888184e-01,1.405056476593017578e+00
-8.766388893127441406e-01,3.676716089248657227e-01,-5.691350698471069336e-01,4.095560908317565918e-01,-9.129775166511535645e-01,1.422827601432800293e+00
-1.086953639984130859e+00,6.342766284942626953e-01,-2.501830160617828369e-01,1.814193427562713623e-01,-1.181598067283630371e+00,1.398645520210266113e+00
-1.116159200668334961e+00,6.557381153106689453e-01,-2.219484299421310425e-01,1.621496826410293579e-01,-1.211898088455200195e+00,1.390622854232788086e+00
-9.320283532142639160e-01,3.842416107654571533e-01,-5.747300386428833008e-01,4.015581905841827393e-01,-9.524126648902893066e-01,1.414663434028625488e+00
-7.662159800529479980e-01,1.162175461649894714e-01,-8.130779862403869629e-01,6.020344495773315430e-01,-7.120115160942077637e-01,1.390491604804992676e+00
-7.187040448188781738e-01,1.078911200165748596e-01,-7.863686680793762207e-01,6.047498583793640137e-01,-6.927034258842468262e-01,1.393565177917480469e+00
-6.664481759071350098e-01,1.574724167585372925e-01,-7.133769392967224121e-01,5.624738335609436035e-01,-6.946457624435424805e-01,1.412522315979003906e+00
-6.571518778800964355e-01,9.242573380470275879e-02,-7.717841267585754395e-01,6.118107438087463379e-01,-6.570224761962890625e-01,1.396952152252197266e+00
-6.273404359817504883e-01,-8.406295627355575562e-02,-1.213007211685180664e+00,7.547981739044189453e-01,-4.513604640960693359e-01,1.345215439796447754e+00
-6.820792555809020996e-01,-3.147146105766296387e-01,-1.496697187423706055e+00,9.234784841537475586e-01,-3.213028609752655029e-01,1.254236459732055664e+00
-8.521035313606262207e-01,-2.712018042802810669e-02,-1.310618042945861816e+00,7.455363869667053223e-01,-5.763064026832580566e-01,1.337265014648437500e+00
-1.368843674659729004e+00,5.713701844215393066e-01,-5.709846019744873047e-01,2.977049946784973145e-01,-1.291684269905090332e+00,1.322023153305053711e+00
-1.565501809120178223e+00,8.264245390892028809e-01,-6.580441445112228394e-02,2.208263054490089417e-02,-1.588173866271972656e+00,1.220863699913024902e+00
-8.199766874313354492e-01,1.299977302551269531e-01,-1.018201470375061035e+00,6.143983006477355957e-01,-6.894679069519042969e-01,1.385988950729370117e+00
-1.494555473327636719e+00,5.825783014297485352e-01,-6.984974145889282227e-01,3.251408934593200684e-01,-1.353091955184936523e+00,1.284185767173767090e+00
-1.751759886741638184e+00,7.458427548408508301e-01,-5.486993193626403809e-01,2.015213370323181152e-01,-1.598369598388671875e+00,1.178964972496032715e+00
-1.745926141738891602e+00,6.556597948074340820e-01,-7.320995926856994629e-01,3.065813779830932617e-01,-1.528886198997497559e+00,1.188545465469360352e+00
-1.787639498710632324e+00,8.411307930946350098e-01,-3.355909585952758789e-01,8.806414157152175903e-02,-1.693886756896972656e+00,1.140937924385070801e+00
-2.142036676406860352e+00,6.344347000122070312e-01,-1.029089450836181641e+00,4.354995787143707275e-01,-1.678255558013916016e+00,1.018752932548522949e+00
-2.104353666305541992e+00,5.181077718734741211e-01,-1.463376045227050781e+00,5.895681977272033691e-01,-1.465759754180908203e+00,1.080432057380676270e+00
-1.694656014442443848e+00,2.828823029994964600e-01,-1.547658920288085938e+00,6.805231571197509766e-01,-1.106038570404052734e+00,1.222190618515014648e+00
-1.435195922851562500e+00,1.506391614675521851e-01,-1.536693453788757324e+00,7.232504487037658691e-01,-9.091677665710449219e-01,1.272329807281494141e+00
-1.335434079170227051e+00,1.991662830114364624e-01,-1.350003600120544434e+00,6.590927243232727051e-01,-9.335730075836181641e-01,1.302419424057006836e+00
-1.205532670021057129e+00,2.584856450557708740e-01,-1.128383159637451172e+00,5.796852707862854004e-01,-9.429838061332702637e-01,1.340158462524414062e+00
-1.150925993919372559e+00,3.861012810375541449e-04,-1.518351674079895020e+00,7.784211039543151855e-01,-6.949963569641113281e-01,1.297558903694152832e+00
-1.350202202796936035e+00,-1.002329401671886444e-02,-1.727952480316162109e+00,8.278251886367797852e-01,-7.236945629119873047e-01,1.257520079612731934e+00
-1.451706290245056152e+00,8.856509625911712646e-02,-1.669218301773071289e+00,7.770944237709045410e-01,-8.434988260269165039e-01,1.257969021797180176e+00
-1.403313636779785156e+00,4.218652248382568359e-01,-8.841922283172607422e-01,4.611056745052337646e-01,-1.197273254394531250e+00,1.301502943038940430e+00
-1.175496220588684082e+00,7.303130030632019043e-01,-8.876574784517288208e-02,8.602409064769744873e-02,-1.294113636016845703e+00,1.369071960449218750e+00
-1.300894498825073242e+00,7.312494516372680664e-01,-1.510408967733383179e-01,1.006279289722442627e-01,-1.369352459907531738e+00,1.331636548042297363e+00
-1.605650067329406738e+00,7.060202360153198242e-01,-5.266337394714355469e-01,2.135223746299743652e-01,-1.497465491294860840e+00,1.239320516586303711e+00
-1.783198952674865723e+00,6.217218041419982910e-01,-7.950894236564636230e-01,3.496887981891632080e-01,-1.526679873466491699e+00,1.171112537384033203e+00
-1.923640966415405273e+00,5.168713331222534180e-01,-1.170936703681945801e+00,5.088534951210021973e-01,-1.460964798927307129e+00,1.134646058082580566e+00
-2.000641822814941406e+00,4.704372882843017578e-01,-1.450060129165649414e+00,5.991134047508239746e-01,-1.392437696456909180e+00,1.122270822525024414e+00
-1.927548766136169434e+00,5.096795558929443359e-01,-1.201813220977783203e+00,5.196250677108764648e-01,-1.450640678405761719e+00,1.135165810585021973e+00
-1.642918467521667480e+00,7.049892544746398926e-01,-5.669315457344055176e-01,2.257132232189178467e-01,-1.513223767280578613e+00,1.226537108421325684e+00
-1.401885509490966797e+00,7.677050232887268066e-01,-1.188196837902069092e-01,7.097715139389038086e-02,-1.452942490577697754e+00,1.293219089508056641e+00
-1.289509057998657227e+00,7.217890024185180664e-01,-1.675404757261276245e-01,1.102986037731170654e-01,-1.356268286705017090e+00,1.336369872093200684e+00
-8.767678737640380859e-01,4.803563654422760010e-01,-4.132172167301177979e-01,3.086799979209899902e-01,-9.713228344917297363e-01,1.437999606132507324e+00
-5.229088068008422852e-01,2.176233828067779541e-01,-5.915798544883728027e-01,5.011700987815856934e-01,-6.398243308067321777e-01,1.444959640502929688e+00
-1.075495719909667969e+00,2.435464262962341309e-01,-1.040245294570922852e+00,5.658892989158630371e-01,-8.818933367729187012e-01,1.364574790000915527e+00
-1.263851046562194824e+00,3.199581801891326904e-01,-1.043939828872680664e+00,5.352249145507812500e-01,-1.024450659751892090e+00,1.334159851074218750e+00
-1.423291325569152832e+00,4.013284146785736084e-01,-9.729608893394470215e-01,4.885755479335784912e-01,-1.171966671943664551e+00,1.298067212104797363e+00
-1.552138566970825195e+00,5.697211027145385742e-01,-7.680271267890930176e-01,3.537951409816741943e-01,-1.371538639068603516e+00,1.263667941093444824e+00
-1.655644297599792480e+00,6.909464001655578613e-01,-6.063161492347717285e-01,2.448600530624389648e-01,-1.508723139762878418e+00,1.223387360572814941e+00
-1.647066950798034668e+00,4.821879267692565918e-01,-9.544079899787902832e-01,4.573565721511840820e-01,-1.345155119895935059e+00,1.228605985641479492e+00
-1.565831899642944336e+00,2.028147876262664795e-01,-1.573753237724304199e+00,7.136628627777099609e-01,-9.906824231147766113e-01,1.248811841011047363e+00
-1.536703109741210938e+00,1.453184932470321655e-01,-1.657656908035278320e+00,7.537620067596435547e-01,-9.186689853668212891e-01,1.248429894447326660e+00
-1.616389393806457520e+00,4.653728902339935303e-01,-9.763221144676208496e-01,4.685985445976257324e-01,-1.313944578170776367e+00,1.239897966384887695e+00
-1.567735791206359863e+00,7.967419624328613281e-01,-1.778107136487960815e-01,6.942673772573471069e-02,-1.562161564826965332e+00,1.230539560317993164e+00
-1.475722789764404297e+00,8.002719283103942871e-01,-7.521475106477737427e-02,4.032868519425392151e-02,-1.519022345542907715e+00,1.260403156280517578e+00
-1.052308440208435059e+00,5.239493846893310547e-01,-4.280043542385101318e-01,2.875918447971343994e-01,-1.097133755683898926e+00,1.403845787048339844e+00
-5.471556186676025391e-01,6.470532715320587158e-02,-7.480897307395935059e-01,6.237047314643859863e-01,-5.882430672645568848e-01,1.401715397834777832e+00
-6.192328333854675293e-01,4.731379821896553040e-02,-8.135257959365844727e-01,6.393905878067016602e-01,-5.986995697021484375e-01,1.391645669937133789e+00
-9.483665227890014648e-01,1.939827948808670044e-01,-9.346225857734680176e-01,5.737114548683166504e-01,-8.131322264671325684e-01,1.380160570144653320e+00
-1.140251755714416504e+00,2.715405821800231934e-01,-1.042080521583557129e+00,5.542043447494506836e-01,-9.314475059509277344e-01,1.355657696723937988e+00
-1.226102352142333984e+00,2.511748671531677246e-01,-1.158269047737121582e+00,5.902096033096313477e-01,-9.444777369499206543e-01,1.334643363952636719e+00
-1.287667512893676758e+00,2.144831568002700806e-01,-1.279075860977172852e+00,6.352779269218444824e-01,-9.329483509063720703e-01,1.315493106842041016e+00
-1.294520497322082520e+00,1.441914737224578857e-01,-1.413942694664001465e+00,6.958281397819519043e-01,-8.679065108299255371e-01,1.302073359489440918e+00
-1.295692563056945801e+00,5.969180539250373840e-02,-1.559017300605773926e+00,7.632223963737487793e-01,-7.858807444572448730e-01,1.284600138664245605e+00
-1.321808218955993652e+00,1.882569640874862671e-01,-1.358334660530090332e+00,6.652683615684509277e-01,-9.187273979187011719e-01,1.303762078285217285e+00
-1.338270068168640137e+00,3.260504603385925293e-01,-1.092050790786743164e+00,5.455760359764099121e-01,-1.059174776077270508e+00,1.316867113113403320e+00
-9.076671600341796875e-01,6.095155477523803711e-01,-2.209026962518692017e-01,1.889387071132659912e-01,-1.057653307914733887e+00,1.440863251686096191e+00
-7.737666368484497070e-01,5.014289617538452148e-01,-3.421644270420074463e-01,2.800044417381286621e-01,-9.192330241203308105e-01,1.459709644317626953e+00
-7.369855642318725586e-01,4.629450142383575439e-01,-3.827869296073913574e-01,3.116535842418670654e-01,-8.779947757720947266e-01,1.461540579795837402e+00
-9.401468634605407715e-01,5.948772430419921875e-01,-2.584767341613769531e-01,2.062430083751678467e-01,-1.070085406303405762e+00,1.433187365531921387e+00
-1.218983411788940430e+00,7.438650131225585938e-01,-7.666394114494323730e-02,7.489640265703201294e-02,-1.329433083534240723e+00,1.354655504226684570e+00
-1.639808177947998047e+00,6.080153584480285645e-01,-7.535583972930908203e-01,3.332302272319793701e-01,-1.442059159278869629e+00,1.231757044792175293e+00
-1.642466306686401367e+00,8.332810997962951660e-01,-1.358925849199295044e-01,3.682919219136238098e-02,-1.629849076271057129e+00,1.192347049713134766e+00
-1.338393330574035645e+00,5.679994225502014160e-01,-5.464481711387634277e-01,2.932702600955963135e-01,-1.275368452072143555e+00,1.330730319023132324e+00
-8.728164434432983398e-01,1.128567159175872803e-01,-1.124696969985961914e+00,6.411586999893188477e-01,-6.891084313392639160e-01,1.372640132904052734e+00
-9.949009418487548828e-01,7.337228208780288696e-02,-1.280681014060974121e+00,6.929435133934020996e-01,-7.052701711654663086e-01,1.343651533126831055e+00
-1.474565505981445312e+00,2.381842285394668579e-01,-1.403427839279174805e+00,6.587022542953491211e-01,-1.012765049934387207e+00,1.274809598922729492e+00
-1.744199037551879883e+00,3.496835529804229736e-01,-1.442158102989196777e+00,6.322997808456420898e-01,-1.199749112129211426e+00,1.209139823913574219e+00
-1.571407198905944824e+00,3.372290432453155518e-01,-1.279604554176330566e+00,5.926908850669860840e-01,-1.148603439331054688e+00,1.256666064262390137e+00
-1.360384464263916016e+00,3.353970348834991455e-01,-1.089229941368103027e+00,5.415789484977722168e-01,-1.076987504959106445e+00,1.312058925628662109e+00
-1.428506493568420410e+00,3.979518413543701172e-01,-9.892190098762512207e-01,4.937963783740997314e-01,-1.169465541839599609e+00,1.296742439270019531e+00
-1.669817566871643066e+00,5.572567582130432129e-01,-8.284077048301696777e-01,3.880497217178344727e-01,-1.425082325935363770e+00,1.216907024383544922e+00
-1.773138642311096191e+00,6.692955493927001953e-01,-7.238209843635559082e-01,2.980531156063079834e-01,-1.552171707153320312e+00,1.176627993583679199e+00
-1.812767744064331055e+00,5.172244310379028320e-01,-1.025756239891052246e+00,4.672125577926635742e-01,-1.439060926437377930e+00,1.170168995857238770e+00
-1.819244742393493652e+00,3.972666263580322266e-01,-1.408761382102966309e+00,6.090518236160278320e-01,-1.273825049400329590e+00,1.185383319854736328e+00
-1.517283916473388672e+00,2.446052879095077515e-01,-1.433076024055480957e+00,6.640857458114624023e-01,-1.030045747756958008e+00,1.264945864677429199e+00
-1.010047435760498047e+00,6.782905757427215576e-02,-1.300384283065795898e+00,6.999039649963378906e-01,-7.065230607986450195e-01,1.339742779731750488e+00
-8.568052649497985840e-01,6.555369123816490173e-03,-1.270159006118774414e+00,7.212552428245544434e-01,-6.027359962463378906e-01,1.346445441246032715e+00
-9.794959425926208496e-01,5.583355203270912170e-02,-1.294518470764160156e+00,7.038361430168151855e-01,-6.857452988624572754e-01,1.341701865196228027e+00
-1.081022024154663086e+00,2.084600329399108887e-01,-1.127318859100341797e+00,5.993244647979736328e-01,-8.493290543556213379e-01,1.357415795326232910e+00
-1.179019212722778320e+00,4.052692055702209473e-01,-7.097648382186889648e-01,4.227457046508789062e-01,-1.091198086738586426e+00,1.362274289131164551e+00
-1.310595273971557617e+00,4.535828232765197754e-01,-7.623344659805297852e-01,4.095538556575775146e-01,-1.181169629096984863e+00,1.332814812660217285e+00
-1.436875104904174805e+00,3.360107839107513428e-01,-1.154529809951782227e+00,5.590761899948120117e-01,-1.105432987213134766e+00,1.292462944984436035e+00
-1.832477807998657227e+00,6.951798200607299805e-01,-7.129658460617065430e-01,2.839213609695434570e-01,-1.600319147109985352e+00,1.149370312690734863e+00
-1.940180778503417969e+00,7.746144533157348633e-01,-6.092166304588317871e-01,2.127710133790969849e-01,-1.713642597198486328e+00,1.091759800910949707e+00
-1.208309173583984375e+00,3.978754580020904541e-01,-7.541876435279846191e-01,4.375509619712829590e-01,-1.099289178848266602e+00,1.353910207748413086e+00
-1.185967922210693359e+00,2.848604917526245117e-01,-1.057228326797485352e+00,5.519437193870544434e-01,-9.602610468864440918e-01,1.347769975662231445e+00
-7.809432744979858398e-01,1.196775585412979126e-01,-9.260078072547912598e-01,6.087527871131896973e-01,-6.859220862388610840e-01,1.390688419342041016e+00
-7.362352013587951660e-01,-1.631623320281505585e-02,-1.209172368049621582e+00,7.200577259063720703e-01,-5.400180220603942871e-01,1.355154156684875488e+00
-7.732699513435363770e-01,-1.697317659854888916e-01,-1.420052528381347656e+00,8.363385200500488281e-01,-4.474348723888397217e-01,1.300258994102478027e+00
-1.232368946075439453e+00,1.586199104785919189e-01,-1.334036946296691895e+00,6.705290675163269043e-01,-8.622556924819946289e-01,1.317869544029235840e+00
-9.046278595924377441e-01,-3.963027615100145340e-03,-1.320339918136596680e+00,7.366474866867065430e-01,-6.124599575996398926e-01,1.336785078048706055e+00
-6.534649729728698730e-01,-1.339637339115142822e-01,-1.287603259086608887e+00,7.943727374076843262e-01,-4.302094876766204834e-01,1.325446486473083496e+00
-8.341770768165588379e-01,7.113856077194213867e-02,-1.161244750022888184e+00,6.681610941886901855e-01,-6.416187882423400879e-01,1.367498636245727539e+00
-1.284706115722656250e+00,3.917606472969055176e-01,-8.414720296859741211e-01,4.632956087589263916e-01,-1.127213239669799805e+00,1.332250714302062988e+00
-1.610440969467163086e+00,5.394604802131652832e-01,-8.274832367897033691e-01,3.935018777847290039e-01,-1.382767319679260254e+00,1.239069700241088867e+00
-1.715067267417907715e+00,6.590978503227233887e-01,-7.053710222244262695e-01,2.944344282150268555e-01,-1.515671610832214355e+00,1.201725363731384277e+00
-1.833668470382690430e+00,7.708798646926879883e-01,-5.409327745437622070e-01,1.886280030012130737e-01,-1.659096956253051758e+00,1.140302538871765137e+00
-1.603807687759399414e+00,6.744437217712402344e-01,-6.021087169647216797e-01,2.512484788894653320e-01,-1.471481800079345703e+00,1.243660211563110352e+00
-1.249113321304321289e+00,4.684517681598663330e-01,-6.598258018493652344e-01,3.760462999343872070e-01,-1.165232896804809570e+00,1.350830912590026855e+00
-1.239867210388183594e+00,4.861646592617034912e-01,-6.174749135971069336e-01,3.558406233787536621e-01,-1.172781825065612793e+00,1.354592084884643555e+00
-1.510461211204528809e+00,6.924742460250854492e-01,-4.359869658946990967e-01,1.965784877538681030e-01,-1.447252273559570312e+00,1.271601796150207520e+00
-1.697702169418334961e+00,8.194880485534667969e-01,-2.888673543930053711e-01,8.659490197896957397e-02,-1.636588335037231445e+00,1.180603742599487305e+00
-1.624605059623718262e+00,7.295773029327392578e-01,-4.849092960357666016e-01,1.895396262407302856e-01,-1.525158286094665527e+00,1.229136347770690918e+00
-1.451188445091247559e+00,5.133376717567443848e-01,-7.941215038299560547e-01,3.878840506076812744e-01,-1.284202098846435547e+00,1.295076727867126465e+00
-1.368812322616577148e+00,4.967051744461059570e-01,-7.412512898445129395e-01,3.812410533428192139e-01,-1.236410379409790039e+00,1.319755196571350098e+00
-1.491895914077758789e+00,6.182650327682495117e-01,-6.107980608940124512e-01,2.827073931694030762e-01,-1.379471540451049805e+00,1.284201264381408691e+00
-1.653399586677551270e+00,5.979672074317932129e-01,-7.752072215080261230e-01,3.467027544975280762e-01,-1.442740321159362793e+00,1.225624799728393555e+00
-1.852226853370666504e+00,5.480616688728332520e-01,-9.620281457901000977e-01,4.400284886360168457e-01,-1.492848157882690430e+00,1.149732708930969238e+00
-1.914403796195983887e+00,6.798448562622070312e-01,-7.730503082275390625e-01,3.198104202747344971e-01,-1.633360743522644043e+00,1.110139489173889160e+00
-1.634029626846313477e+00,3.391972482204437256e-01,-1.340484738349914551e+00,6.084946393966674805e-01,-1.166500091552734375e+00,1.239617109298706055e+00
-1.453412175178527832e+00,1.754973530769348145e-01,-1.507772684097290039e+00,7.071754932403564453e-01,-9.398181438446044922e-01,1.271942734718322754e+00
-1.375275135040283203e+00,3.815033137798309326e-01,-9.831027388572692871e-01,4.980461895465850830e-01,-1.132263302803039551e+00,1.310416340827941895e+00
-1.185807228088378906e+00,5.943769812583923340e-01,-3.778666853904724121e-01,2.357143610715866089e-01,-1.214334368705749512e+00,1.372952580451965332e+00
-1.194796442985534668e+00,6.372572183609008789e-01,-2.993297278881072998e-01,1.918537169694900513e-01,-1.246419787406921387e+00,1.370020627975463867e+00
-1.401651144027709961e+00,6.337062716484069824e-01,-4.621281921863555908e-01,2.356507778167724609e-01,-1.352662444114685059e+00,1.310552597045898438e+00
-1.569484114646911621e+00,6.499660611152648926e-01,-6.250132322311401367e-01,2.701437771320343018e-01,-1.437137842178344727e+00,1.257349967956542969e+00
-1.816267013549804688e+00,8.661129474639892578e-01,-2.816331982612609863e-01,5.887764319777488708e-02,-1.730037450790405273e+00,1.119888424873352051e+00
-1.809846520423889160e+00,8.884878158569335938e-01,-1.805547177791595459e-01,1.711365580558776855e-02,-1.750378370285034180e+00,1.110884904861450195e+00
-1.327192425727844238e+00,5.999258756637573242e-01,-4.677196741104125977e-01,2.556174397468566895e-01,-1.292490959167480469e+00,1.333687543869018555e+00
-8.737276196479797363e-01,2.834503650665283203e-01,-6.753023266792297363e-01,4.819754660129547119e-01,-8.676241040229797363e-01,1.408301472663879395e+00
-8.168348670005798340e-01,3.007641434669494629e-01,-6.247087717056274414e-01,4.604510366916656494e-01,-8.457003235816955566e-01,1.421731233596801758e+00
-1.081324219703674316e+00,4.369884431362152100e-01,-5.828921794891357422e-01,3.741980195045471191e-01,-1.062389016151428223e+00,1.389353632926940918e+00
-1.293927431106567383e+00,5.471421480178833008e-01,-5.476896166801452637e-01,3.049631416797637939e-01,-1.239756107330322266e+00,1.342904567718505859e+00
-1.350912094116210938e+00,5.293390154838562012e-01,-6.441005468368530273e-01,3.390736877918243408e-01,-1.253137350082397461e+00,1.326500892639160156e+00
-1.465188980102539062e+00,4.400600790977478027e-01,-8.968279361724853516e-01,4.567282497882843018e-01,-1.236242175102233887e+00,1.284629702568054199e+00
-1.502092957496643066e+00,3.990528881549835205e-01,-1.057288050651550293e+00,5.117124915122985840e-01,-1.196527361869812012e+00,1.276560544967651367e+00
-1.571022152900695801e+00,5.064293146133422852e-01,-8.515129685401916504e-01,4.161494672298431396e-01,-1.339694499969482422e+00,1.251974225044250488e+00
-1.596535921096801758e+00,7.128598093986511230e-01,-4.959333837032318115e-01,2.014679610729217529e-01,-1.499451756477355957e+00,1.241269588470458984e+00
-1.536793947219848633e+00,6.948646306991577148e-01,-4.648290872573852539e-01,2.028836309909820557e-01,-1.460162639617919922e+00,1.263042926788330078e+00
-1.331231474876403809e+00,4.646442234516143799e-01,-7.644879817962646484e-01,4.042181670665740967e-01,-1.197602391242980957e+00,1.328012824058532715e+00
-1.184979438781738281e+00,3.029803931713104248e-01,-9.679225683212280273e-01,5.283113718032836914e-01,-9.908799529075622559e-01,1.349470376968383789e+00
-1.215770721435546875e+00,3.032470941543579102e-01,-1.040179252624511719e+00,5.407840013504028320e-01,-9.898794889450073242e-01,1.343366980552673340e+00
-1.267045140266418457e+00,2.709923088550567627e-01,-1.151440978050231934e+00,5.810729265213012695e-01,-9.786626696586608887e-01,1.328104496002197266e+00
-1.323716044425964355e+00,3.511641025543212891e-01,-1.019116759300231934e+00,5.176678895950317383e-01,-1.079466938972473145e+00,1.322199583053588867e+00
-8.779307603836059570e-01,3.102732002735137939e-01,-6.438268423080444336e-01,4.595184624195098877e-01,-8.838635683059692383e-01,1.412657856941223145e+00
-1.154211401939392090e+00,5.942361950874328613e-01,-3.599030375480651855e-01,2.312741428613662720e-01,-1.196575284004211426e+00,1.381289362907409668e+00
-1.496989607810974121e+00,7.724563479423522949e-01,-1.824024468660354614e-01,8.469519764184951782e-02,-1.507101297378540039e+00,1.260796427726745605e+00
-1.364613413810729980e+00,6.468707323074340820e-01,-3.960181772708892822e-01,2.112507969141006470e-01,-1.344383001327514648e+00,1.320806145668029785e+00
-1.128458261489868164e+00,3.762711286544799805e-01,-7.141812443733215332e-01,4.396767616271972656e-01,-1.049158215522766113e+00,1.370703577995300293e+00
-1.051285624504089355e+00,2.692518532276153564e-01,-8.094990849494934082e-01,5.206367373466491699e-01,-9.453493356704711914e-01,1.370489478111267090e+00
-1.196891903877258301e+00,2.952014803886413574e-01,-1.041720151901245117e+00,5.443435311317443848e-01,-9.749441146850585938e-01,1.346614718437194824e+00
-1.393436789512634277e+00,2.270449697971343994e-01,-1.348597288131713867e+00,6.485440135002136230e-01,-9.788971543312072754e-01,1.292968273162841797e+00
-1.415048003196716309e+00,2.094618380069732666e-01,-1.403655886650085449e+00,6.689447760581970215e-01,-9.667978882789611816e-01,1.285583257675170898e+00
-1.344314575195312500e+00,2.230130583047866821e-01,-1.312058448791503906e+00,6.405990123748779297e-01,-9.598360061645507812e-01,1.303881406784057617e+00
-1.394728779792785645e+00,2.684532105922698975e-01,-1.265379428863525391e+00,6.120928525924682617e-01,-1.021526098251342773e+00,1.297526478767395020e+00
-1.658784866333007812e+00,3.883385360240936279e-01,-1.241961717605590820e+00,5.662745833396911621e-01,-1.232103705406188965e+00,1.232169032096862793e+00
-1.861657857894897461e+00,4.796922802925109863e-01,-1.213755369186401367e+00,5.314395427703857422e-01,-1.396434068679809570e+00,1.162009477615356445e+00
-1.437769055366516113e+00,4.124287068843841553e-01,-9.518200755119323730e-01,4.796508550643920898e-01,-1.190980672836303711e+00,1.293896555900573730e+00
-1.014811396598815918e+00,3.660226464271545410e-01,-6.470213532447814941e-01,4.291163682937622070e-01,-9.866251945495605469e-01,1.394820094108581543e+00
-1.500641226768493652e+00,6.348573565483093262e-01,-5.799875855445861816e-01,2.657144963741302490e-01,-1.396239042282104492e+00,1.280532360076904297e+00
-1.406289696693420410e+00,1.826749294996261597e-01,-1.447212696075439453e+00,6.896088123321533203e-01,-9.366104602813720703e-01,1.283828735351562500e+00
-1.429246425628662109e+00,1.477505415678024292e-01,-1.536052584648132324e+00,7.241579890251159668e-01,-9.048608541488647461e-01,1.273204445838928223e+00
-1.410391807556152344e+00,3.171453773975372314e-01,-1.174013018608093262e+00,5.707597732543945312e-01,-1.076612472534179688e+00,1.298043847084045410e+00
-1.347134828567504883e+00,5.070549845695495605e-01,-6.894236803054809570e-01,3.625254631042480469e-01,-1.235212445259094238e+00,1.326630711555480957e+00
-1.215128660202026367e+00,4.642088711261749268e-01,-6.361005306243896484e-01,3.724646866321563721e-01,-1.146535634994506836e+00,1.359320878982543945e+00
-8.860608935356140137e-01,1.651858240365982056e-01,-9.859759211540222168e-01,5.932984352111816406e-01,-7.507033348083496094e-01,1.384374856948852539e+00
-6.203263401985168457e-01,-9.354424476623535156e-02,-1.218896389007568359e+00,7.607735395431518555e-01,-4.425472617149353027e-01,1.342678189277648926e+00
-7.256679534912109375e-01,-7.532716542482376099e-02,-1.274415135383605957e+00,7.621167898178100586e-01,-4.959515631198883057e-01,1.337673783302307129e+00
-9.008714556694030762e-01,-2.118201693519949913e-03,-1.315018892288208008e+00,7.346625328063964844e-01,-6.124828457832336426e-01,1.337852358818054199e+00
-1.047689676284790039e+00,1.109989657998085022e-01,-1.263809442520141602e+00,6.727532148361206055e-01,-7.553048133850097656e-01,1.343665361404418945e+00
-1.253304243087768555e+00,2.813956439495086670e-01,-1.119544506072998047e+00,5.688477158546447754e-01,-9.830253720283508301e-01,1.332526922225952148e+00
-1.315865516662597656e+00,4.467704296112060547e-01,-7.830914258956909180e-01,4.185081422328948975e-01,-1.178461313247680664e+00,1.330551862716674805e+00
-1.165120840072631836e+00,6.526032090187072754e-01,-2.523775994777679443e-01,1.714143007993698120e-01,-1.238937735557556152e+00,1.377617955207824707e+00
-1.419532060623168945e+00,4.063492417335510254e-01,-9.502388834953308105e-01,4.815357923507690430e-01,-1.178025364875793457e+00,1.298757910728454590e+00
-1.271838545799255371e+00,4.897158741950988770e-01,-6.408796906471252441e-01,3.597593009471893311e-01,-1.190091133117675781e+00,1.346344709396362305e+00
-9.070612192153930664e-01,3.354804515838623047e-01,-6.268186569213867188e-01,4.413323700428009033e-01,-9.128198027610778809e-01,1.411699891090393066e+00
-7.471887469291687012e-01,2.633033394813537598e-01,-6.359336972236633301e-01,4.843919575214385986e-01,-7.887644767761230469e-01,1.425553083419799805e+00
-1.167499184608459473e+00,3.827173113822937012e-01,-7.394782304763793945e-01,4.422415792942047119e-01,-1.071231245994567871e+00,1.362151026725769043e+00
-1.701404571533203125e+00,5.422154664993286133e-01,-8.608359694480895996e-01,4.077996313571929932e-01,-1.429040074348449707e+00,1.204793930053710938e+00
-1.972114920616149902e+00,7.766756415367126465e-01,-6.305194497108459473e-01,2.203120887279510498e-01,-1.730378031730651855e+00,1.076108813285827637e+00
-2.163701534271240234e+00,7.596501708030700684e-01,-7.582380175590515137e-01,2.909564375877380371e-01,-1.816057562828063965e+00,9.744746685028076172e-01
-2.156342267990112305e+00,7.963856458663940430e-01,-7.081991434097290039e-01,2.507941424846649170e-01,-1.836983442306518555e+00,9.738496541976928711e-01
-1.862594723701477051e+00,8.938012719154357910e-01,-2.282951325178146362e-01,2.817448228597640991e-02,-1.778040528297424316e+00,1.088252067565917969e+00
-1.544900178909301758e+00,8.886790871620178223e-01,2.199155688285827637e-01,-9.207720309495925903e-02,-1.637321114540100098e+00,1.196775436401367188e+00
-1.412317991256713867e+00,8.516308665275573730e-01,1.451991051435470581e-01,-4.725114256143569946e-02,-1.525475740432739258e+00,1.264465451240539551e+00
-1.027127146720886230e+00,5.688539743423461914e-01,-3.404152989387512207e-01,2.407948225736618042e-01,-1.108216285705566406e+00,1.412214040756225586e+00
-7.016460299491882324e-01,1.790657043457031250e-01,-7.075620293617248535e-01,5.487427711486816406e-01,-7.237386703491210938e-01,1.413044452667236328e+00
-7.526090145111083984e-01,1.197794005274772644e-01,-7.926098108291625977e-01,5.986852645874023438e-01,-7.142679691314697266e-01,1.392128229141235352e+00
-1.011465311050415039e+00,1.083096638321876526e-01,-1.240869522094726562e+00,6.685085296630859375e-01,-7.392849922180175781e-01,1.349301218986511230e+00
-1.236580729484558105e+00,-8.384998887777328491e-03,-1.610245585441589355e+00,8.021738529205322266e-01,-7.070984840393066406e-01,1.279642343521118164e+00
-1.307589292526245117e+00,1.849660277366638184e-02,-1.637640476226806641e+00,7.971892952919006348e-01,-7.471212744712829590e-01,1.272755384445190430e+00
-1.479984641075134277e+00,1.393377035856246948e-01,-1.605408668518066406e+00,7.437235713005065918e-01,-9.045752882957458496e-01,1.260433673858642578e+00
-1.621930241584777832e+00,2.353951483964920044e-01,-1.568663954734802246e+00,7.013401389122009277e-01,-1.037594199180603027e+00,1.238083600997924805e+00
-1.566961050033569336e+00,3.079051077365875244e-01,-1.344121217727661133e+00,6.195718050003051758e-01,-1.113733768463134766e+00,1.256765007972717285e+00
-1.327930688858032227e+00,4.643688499927520752e-01,-7.609078288078308105e-01,4.034451544284820557e-01,-1.196052908897399902e+00,1.328940629959106445e+00
-1.095746397972106934e+00,5.969046950340270996e-01,-3.240964710712432861e-01,2.208689004182815552e-01,-1.164666175842285156e+00,1.396314859390258789e+00
-1.194322586059570312e+00,5.119830369949340820e-01,-5.342119932174682617e-01,3.207845389842987061e-01,-1.166941881179809570e+00,1.368087291717529297e+00
-1.382898092269897461e+00,3.444523811340332031e-01,-1.087293386459350586e+00,5.379542708396911621e-01,-1.094699501991271973e+00,1.306936740875244141e+00
-1.786625385284423828e+00,2.867020666599273682e-01,-1.662253260612487793e+00,7.076054215431213379e-01,-1.115065336227416992e+00,1.198623657226562500e+00
-1.656878948211669922e+00,3.044106662273406982e-01,-1.450512170791625977e+00,6.487244367599487305e-01,-1.128383040428161621e+00,1.232764959335327148e+00
-1.389580011367797852e+00,3.563447892665863037e-01,-1.064495086669921875e+00,5.277548432350158691e-01,-1.109520316123962402e+00,1.305880427360534668e+00
-1.343806624412536621e+00,3.773426413536071777e-01,-9.451392292976379395e-01,4.923519790172576904e-01,-1.122895121574401855e+00,1.317269206047058105e+00
-1.428295493125915527e+00,4.397020637989044189e-01,-8.730806112289428711e-01,4.500535130500793457e-01,-1.222716450691223145e+00,1.295218348503112793e+00
-1.538361430168151855e+00,5.626064538955688477e-01,-7.715356349945068359e-01,3.580536842346191406e-01,-1.359844803810119629e+00,1.268296599388122559e+00
-1.761851906776428223e+00,7.287273406982421875e-01,-5.910447835922241211e-01,2.238796204328536987e-01,-1.590441226959228516e+00,1.177301645278930664e+00
-1.942993640899658203e+00,8.520408272743225098e-01,-4.039925336837768555e-01,1.059476658701896667e-01,-1.780903100967407227e+00,1.069864034652709961e+00
-2.046481609344482422e+00,8.118000030517578125e-01,-6.008282303810119629e-01,1.953128576278686523e-01,-1.794027805328369141e+00,1.032768368721008301e+00
-2.168049335479736328e+00,6.204687356948852539e-01,-1.147285819053649902e+00,4.737085700035095215e-01,-1.651265740394592285e+00,1.018681883811950684e+00
-2.171113967895507812e+00,5.365136265754699707e-01,-1.529182910919189453e+00,6.020386815071105957e-01,-1.486230611801147461e+00,1.056766629219055176e+00
-2.077912807464599609e+00,5.166342258453369141e-01,-1.418525099754333496e+00,5.778905153274536133e-01,-1.466500163078308105e+00,1.088135123252868652e+00
-1.697033524513244629e+00,4.977923929691314697e-01,-9.576202034950256348e-01,4.534971415996551514e-01,-1.380753993988037109e+00,1.210812211036682129e+00
-1.395525217056274414e+00,5.440957546234130859e-01,-6.657760739326477051e-01,3.366258144378662109e-01,-1.282783150672912598e+00,1.314091444015502930e+00
-1.324208140373229980e+00,5.056329369544982910e-01,-6.646771430969238281e-01,3.570770919322967529e-01,-1.224496006965637207e+00,1.332982420921325684e+00
-1.210656166076660156e+00,4.209574460983276367e-01,-7.120920419692993164e-01,4.147592186927795410e-01,-1.115892052650451660e+00,1.356168270111083984e+00
-1.224980235099792480e+00,4.014881253242492676e-01,-7.659872770309448242e-01,4.384764432907104492e-01,-1.108881473541259766e+00,1.350043177604675293e+00
-1.503674030303955078e+00,4.947407245635986328e-01,-8.403626084327697754e-01,4.150964319705963135e-01,-1.298437714576721191e+00,1.274869084358215332e+00
-1.075547099113464355e+00,2.261435538530349731e-01,-1.087057709693908691e+00,5.828157067298889160e-01,-8.632950782775878906e-01,1.361557364463806152e+00
-1.487340927124023438e+00,3.431908190250396729e-01,-1.183838367462158203e+00,5.646734833717346191e-01,-1.130078554153442383e+00,1.279501199722290039e+00
-1.912714242935180664e+00,4.726678729057312012e-01,-1.306403636932373047e+00,5.593281984329223633e-01,-1.393096446990966797e+00,1.147642374038696289e+00
-1.453956246376037598e+00,3.621162474155426025e-01,-1.107592701911926270e+00,5.375565886497497559e-01,-1.139092087745666504e+00,1.289158582687377930e+00
-1.844160795211791992e+00,8.588502407073974609e-01,-3.252635300159454346e-01,7.613033801317214966e-02,-1.737282395362854004e+00,1.111117005348205566e+00
-1.588680863380432129e+00,7.027303576469421387e-01,-5.141829848289489746e-01,2.118390500545501709e-01,-1.487700462341308594e+00,1.245394825935363770e+00
-1.017818570137023926e+00,2.912940979003906250e-01,-7.565740346908569336e-01,4.965214431285858154e-01,-9.448355436325073242e-01,1.381511688232421875e+00
-8.470396399497985840e-01,2.071090340614318848e-01,-7.526623606681823730e-01,5.426708459854125977e-01,-8.135918974876403809e-01,1.396828532218933105e+00
-9.869891405105590820e-01,4.083834588527679443e-01,-5.701930522918701172e-01,3.869599699974060059e-01,-9.956266880035400391e-01,1.406766176223754883e+00
-1.231464385986328125e+00,5.625734329223632812e-01,-4.677964746952056885e-01,2.761550545692443848e-01,-1.218636989593505859e+00,1.360305666923522949e+00
-1.463304638862609863e+00,6.427525877952575684e-01,-5.104051828384399414e-01,2.432501912117004395e-01,-1.387111544609069824e+00,1.291363716125488281e+00
-1.677722930908203125e+00,4.784139096736907959e-01,-1.001047134399414062e+00,4.715218544006347656e-01,-1.349532961845397949e+00,1.219636321067810059e+00
-1.417141437530517578e+00,3.296816945075988770e-01,-1.151545643806457520e+00,5.604041814804077148e-01,-1.091930627822875977e+00,1.297192215919494629e+00
-1.223274350166320801e+00,2.001205235719680786e-01,-1.251866936683654785e+00,6.337733864784240723e-01,-8.970304727554321289e-01,1.327251195907592773e+00
-1.130147218704223633e+00,1.128392443060874939e-01,-1.326076984405517578e+00,6.869369745254516602e-01,-7.869021892547607422e-01,1.328866600990295410e+00
-1.049945354461669922e+00,2.983329072594642639e-02,-1.388511180877685547e+00,7.366564869880676270e-01,-6.898769140243530273e-01,1.323068737983703613e+00
-1.090941309928894043e+00,1.977238804101943970e-01,-1.154318809509277344e+00,6.101725101470947266e-01,-8.439735770225524902e-01,1.353614687919616699e+00
-1.179529428482055664e+00,4.369521439075469971e-01,-6.540154218673706055e-01,3.917896449565887451e-01,-1.111878037452697754e+00,1.365753531455993652e+00
-1.152074456214904785e+00,6.029844284057617188e-01,-3.423230648040771484e-01,2.219592332839965820e-01,-1.200741767883300781e+00,1.381903052330017090e+00
-1.057831883430480957e+00,6.950363516807556152e-01,-1.165338680148124695e-01,1.138982772827148438e-01,-1.199563026428222656e+00,1.404217004776000977e+00
-9.973452687263488770e-01,7.630761265754699707e-01,5.490197241306304932e-02,3.333724290132522583e-02,-1.200209975242614746e+00,1.414470195770263672e+00
-9.664456248283386230e-01,4.238560199737548828e-01,-5.370322465896606445e-01,3.702783286571502686e-01,-9.928681850433349609e-01,1.413106679916381836e+00
-1.202600717544555664e+00,3.090758025646209717e-01,-9.984080791473388672e-01,5.301656126976013184e-01,-9.953382015228271484e-01,1.346670627593994141e+00
-1.291678190231323242e+00,3.013289868831634521e-01,-1.108316898345947266e+00,5.586546063423156738e-01,-1.016969919204711914e+00,1.325854897499084473e+00
-1.470747709274291992e+00,2.532577812671661377e-01,-1.368231534957885742e+00,6.443623900413513184e-01,-1.028090357780456543e+00,1.277308821678161621e+00
-1.353777766227722168e+00,1.189226359128952026e-01,-1.513775348663330078e+00,7.296281456947326660e-01,-8.583428859710693359e-01,1.284718275070190430e+00
-1.084799885749816895e+00,-5.701486766338348389e-02,-1.541865110397338867e+00,8.082907199859619141e-01,-6.274886131286621094e-01,1.292858481407165527e+00
-1.320214867591857910e+00,1.971951574087142944e-01,-1.340157508850097656e+00,6.573287844657897949e-01,-9.269476532936096191e-01,1.305533766746520996e+00
-1.735823273658752441e+00,5.331946015357971191e-01,-8.935050964355468750e-01,4.233259558677673340e-01,-1.436306238174438477e+00,1.192757725715637207e+00
-1.374027609825134277e+00,4.884967803955078125e-01,-7.659851312637329102e-01,3.920544087886810303e-01,-1.232535600662231445e+00,1.317549824714660645e+00
-1.579111933708190918e+00,5.890370607376098633e-01,-7.516543865203857422e-01,3.396498560905456543e-01,-1.398131608963012695e+00,1.254606485366821289e+00
-1.839033365249633789e+00,6.944435834884643555e-01,-7.191767692565917969e-01,2.868282496929168701e-01,-1.603087663650512695e+00,1.146290898323059082e+00
-1.793191552162170410e+00,6.814641952514648438e-01,-7.131544947624206543e-01,2.891103029251098633e-01,-1.570873737335205078e+00,1.167580723762512207e+00
-1.546027660369873047e+00,5.962666273117065430e-01,-7.167733311653137207e-01,3.240918517112731934e-01,-1.386696100234985352e+00,1.266880989074707031e+00
-1.328226804733276367e+00,4.433490037918090820e-01,-8.033459186553955078e-01,4.257178604602813721e-01,-1.181246161460876465e+00,1.326506495475769043e+00
-1.146493554115295410e+00,2.638198137283325195e-01,-1.069518327713012695e+00,5.632245540618896484e-01,-9.250931739807128906e-01,1.353305816650390625e+00
-1.011334538459777832e+00,9.757586568593978882e-02,-1.257017016410827637e+00,6.769158840179443359e-01,-7.306745648384094238e-01,1.346807479858398438e+00
-1.248315095901489258e+00,3.029831945896148682e-01,-1.070115447044372559e+00,5.480674505233764648e-01,-1.001537680625915527e+00,1.336089611053466797e+00
-1.603283047676086426e+00,5.953251719474792480e-01,-7.547179460525512695e-01,3.384425044059753418e-01,-1.414726376533508301e+00,1.245634794235229492e+00
-1.686731934547424316e+00,7.031088471412658691e-01,-6.007412672042846680e-01,2.377113103866577148e-01,-1.533265948295593262e+00,1.210344672203063965e+00
-1.479888558387756348e+00,6.900956034660339355e-01,-4.044059813022613525e-01,1.895787566900253296e-01,-1.432016849517822266e+00,1.281442761421203613e+00
-1.178003549575805664e+00,6.944071650505065918e-01,-1.709785759449005127e-01,1.271928250789642334e-01,-1.272786855697631836e+00,1.371726393699645996e+00
-1.191910743713378906e+00,7.004497051239013672e-01,-1.645421683788299561e-01,1.220726743340492249e-01,-1.284930586814880371e+00,1.367310643196105957e+00
-1.500138998031616211e+00,7.206402420997619629e-01,-3.418217003345489502e-01,1.561567336320877075e-01,-1.465927362442016602e+00,1.270518183708190918e+00
-1.743586540222167969e+00,7.577939629554748535e-01,-5.181322097778320312e-01,1.857356429100036621e-01,-1.603445649147033691e+00,1.180222749710083008e+00
-1.674871563911437988e+00,6.741805076599121094e-01,-6.513705849647521973e-01,2.678677439689636230e-01,-1.506110787391662598e+00,1.217318892478942871e+00
-1.519280076026916504e+00,5.101229548454284668e-01,-8.293504118919372559e-01,4.041769504547119141e-01,-1.316539525985717773e+00,1.270681977272033691e+00
-1.465781927108764648e+00,4.197252690792083740e-01,-9.601401686668395996e-01,4.790710806846618652e-01,-1.208545684814453125e+00,1.286247491836547852e+00
-1.501473069190979004e+00,2.756903469562530518e-01,-1.350353717803955078e+00,6.319849491119384766e-01,-1.060693144798278809e+00,1.271651148796081543e+00
-1.500453710556030273e+00,8.835043758153915405e-02,-1.725363135337829590e+00,7.896543741226196289e-01,-8.479371070861816406e-01,1.247370958328247070e+00
-1.341227889060974121e+00,2.657560706138610840e-01,-1.223832249641418457e+00,6.020882725715637207e-01,-1.000871658325195312e+00,1.310108304023742676e+00
-1.109334468841552734e+00,4.005756974220275879e-01,-6.590839624404907227e-01,4.129722118377685547e-01,-1.054916977882385254e+00,1.378486871719360352e+00
-1.062368273735046387e+00,3.535148203372955322e-01,-6.976141929626464844e-01,4.482091069221496582e-01,-1.003413438796997070e+00,1.382524967193603516e+00
-1.063074827194213867e+00,2.083408832550048828e-01,-1.112733364105224609e+00,5.960432887077331543e-01,-8.423458337783813477e-01,1.360775470733642578e+00
-1.060993909835815430e+00,6.741278618574142456e-02,-1.341277003288269043e+00,7.095913887023925781e-01,-7.245443463325500488e-01,1.330839753150939941e+00
-1.263252258300781250e+00,4.438335299491882324e-01,-7.245324254035949707e-01,4.053860902786254883e-01,-1.154542565345764160e+00,1.344865441322326660e+00
-1.230644345283508301e+00,2.903977334499359131e-01,-1.083193778991699219e+00,5.560781955718994141e-01,-9.825147390365600586e-01,1.338690996170043945e+00
-1.225141048431396484e+00,3.216438889503479004e-01,-9.329940676689147949e-01,5.156689882278442383e-01,-1.033655881881713867e+00,1.341198563575744629e+00
-1.106054782867431641e+00,4.973020851612091064e-01,-5.016607642173767090e-01,3.207044303417205811e-01,-1.111315727233886719e+00,1.389154434204101562e+00
-1.033932805061340332e+00,6.057730913162231445e-01,-2.788222730159759521e-01,2.047677189111709595e-01,-1.133265376091003418e+00,1.411707043647766113e+00
-1.534688711166381836e+00,6.138681173324584961e-01,-6.709992885589599609e-01,3.015477359294891357e-01,-1.394220948219299316e+00,1.270664215087890625e+00
-1.848855376243591309e+00,5.573821067810058594e-01,-9.253546595573425293e-01,4.264377057552337646e-01,-1.504771709442138672e+00,1.148506879806518555e+00
-1.657503962516784668e+00,5.804641842842102051e-01,-7.979936003684997559e-01,3.644389808177947998e-01,-1.433988213539123535e+00,1.222843289375305176e+00
-1.630273103713989258e+00,6.444879770278930664e-01,-6.819015741348266602e-01,2.911043465137481689e-01,-1.462347507476806641e+00,1.235760450363159180e+00
-1.898676991462707520e+00,7.874169349670410156e-01,-5.457002520561218262e-01,1.836588531732559204e-01,-1.704159736633300781e+00,1.108413934707641602e+00
-1.265856027603149414e+00,1.554437577724456787e-01,-1.368583440780639648e+00,6.803219914436340332e-01,-8.700368404388427734e-01,1.310236930847167969e+00
-1.062958717346191406e+00,4.090969264507293701e-02,-1.382852792739868164e+00,7.305776476860046387e-01,-7.033437490463256836e-01,1.323733329772949219e+00
-7.965762615203857422e-01,-1.321053504943847656e-01,-1.395692944526672363e+00,8.131487965583801270e-01,-4.815078377723693848e-01,1.310664176940917969e+00
-7.830756902694702148e-01,-1.038537397980690002e-01,-1.351989150047302246e+00,7.909467816352844238e-01,-4.968853890895843506e-01,1.321765422821044922e+00
-1.244550466537475586e+00,3.294808566570281982e-01,-9.847654104232788086e-01,5.191520452499389648e-01,-1.032466888427734375e+00,1.338999152183532715e+00
-1.731623291969299316e+00,8.092100620269775391e-01,-3.768931627273559570e-01,1.168814301490783691e-01,-1.640053033828735352e+00,1.172663569450378418e+00
-1.703913450241088867e+00,8.090011477470397949e-01,-3.397166430950164795e-01,1.064902916550636292e-01,-1.628570318222045898e+00,1.182363629341125488e+00
-1.090953826904296875e+00,3.372052013874053955e-01,-7.460979819297790527e-01,4.687459766864776611e-01,-1.007199048995971680e+00,1.373457908630371094e+00
-4.480792284011840820e-01,-5.654736235737800598e-02,-1.028975248336791992e+00,7.112834453582763672e-01,-3.998259902000427246e-01,1.370694994926452637e+00
-1.298877835273742676e+00,4.695306122303009033e-01,-7.126138806343078613e-01,3.885497152805328369e-01,-1.187823414802551270e+00,1.337558031082153320e+00
-1.214682698249816895e+00,2.537140548229217529e-01,-1.144575119018554688e+00,5.856859683990478516e-01,-9.422940611839294434e-01,1.337504506111145020e+00
-1.140535831451416016e+00,2.440380305051803589e-02,-1.473394989967346191e+00,7.582221627235412598e-01,-7.133774757385253906e-01,1.305691599845886230e+00
-1.525568008422851562e+00,4.739220142364501953e-01,-8.751857280731201172e-01,4.371396899223327637e-01,-1.292585015296936035e+00,1.266418457031250000e+00
-1.707180500030517578e+00,7.609500885009765625e-01,-4.871416985988616943e-01,1.741165071725845337e-01,-1.587905049324035645e+00,1.193831443786621094e+00
-1.746237397193908691e+00,7.550271153450012207e-01,-5.257098674774169922e-01,1.895491778850555420e-01,-1.602642774581909180e+00,1.179653406143188477e+00
-1.684025764465332031e+00,4.892374873161315918e-01,-9.719884395599365234e-01,4.601160585880279541e-01,-1.365574479103088379e+00,1.216189622879028320e+00
-1.368239760398864746e+00,-9.475506842136383057e-03,-1.746725320816040039e+00,8.315014839172363281e-01,-7.261408567428588867e-01,1.254117608070373535e+00
-1.706478238105773926e+00,4.004667699337005615e-01,-1.261870503425598145e+00,5.680705904960632324e-01,-1.258689999580383301e+00,1.217841982841491699e+00
-1.168547153472900391e+00,1.668567955493927002e-01,-1.266599655151367188e+00,6.504983901977539062e-01,-8.474779725074768066e-01,1.332578659057617188e+00
-1.435198903083801270e+00,3.643946051597595215e-01,-1.085066199302673340e+00,5.306417346000671387e-01,-1.134815096855163574e+00,1.294250369071960449e+00
-1.846962928771972656e+00,6.719418764114379883e-01,-7.584390044212341309e-01,3.136842846870422363e-01,-1.592529177665710449e+00,1.142408609390258789e+00
-1.884270071983337402e+00,7.170901894569396973e-01,-7.046511173248291016e-01,2.723818421363830566e-01,-1.641904473304748535e+00,1.124190807342529297e+00
-1.615969300270080566e+00,4.889686703681945801e-01,-9.038982391357421875e-01,4.409277737140655518e-01,-1.343271732330322266e+00,1.237371444702148438e+00
-1.113098621368408203e+00,6.967023611068725586e-01,-1.360462754964828491e-01,1.174547523260116577e-01,-1.234867930412292480e+00,1.389458179473876953e+00
-9.653043150901794434e-01,5.439002513885498047e-01,-3.538526296615600586e-01,2.582595944404602051e-01,-1.057716369628906250e+00,1.424991965293884277e+00
-8.016961812973022461e-01,3.210191130638122559e-01,-5.927311778068542480e-01,4.415366947650909424e-01,-8.473733663558959961e-01,1.428154706954956055e+00
-1.026540279388427734e+00,3.417899310588836670e-01,-6.896157860755920410e-01,4.527741074562072754e-01,-9.787153005599975586e-01,1.388499379158020020e+00
-1.420275449752807617e+00,4.830882251262664795e-01,-8.179831504821777344e-01,4.102441966533660889e-01,-1.249462962150573730e+00,1.302276253700256348e+00
-1.912690281867980957e+00,3.859267830848693848e-01,-1.578227877616882324e+00,6.567077040672302246e-01,-1.260027885437011719e+00,1.160499811172485352e+00
-1.590007185935974121e+00,4.847589731216430664e-01,-8.943266272544860840e-01,4.394476413726806641e-01,-1.328966140747070312e+00,1.245837211608886719e+00
-1.163347005844116211e+00,6.388103365898132324e-01,-2.791261672973632812e-01,1.859274208545684814e-01,-1.229330897331237793e+00,1.378523945808410645e+00
-1.493346691131591797e+00,5.017616748809814453e-01,-8.294745683670043945e-01,4.071982800960540771e-01,-1.297854065895080566e+00,1.279153823852539062e+00
-1.941287398338317871e+00,5.803518891334533691e-01,-9.527974128723144531e-01,4.281353354454040527e-01,-1.561311006546020508e+00,1.109745860099792480e+00
-1.199441313743591309e+00,3.849121034145355225e-01,-7.690928578376770020e-01,4.482173323631286621e-01,-1.086689949035644531e+00,1.354398488998413086e+00
-4.383409917354583740e-01,1.721855103969573975e-01,-6.049118638038635254e-01,5.308382511138916016e-01,-5.714572668075561523e-01,1.441987991333007812e+00
-6.241737008094787598e-01,4.657845571637153625e-02,-8.752298951148986816e-01,6.426246762275695801e-01,-5.795606374740600586e-01,1.391859531402587891e+00
-7.209766507148742676e-01,-1.733049601316452026e-01,-1.382191658020019531e+00,8.313283324241638184e-01,-4.279408752918243408e-01,1.304738044738769531e+00
-8.246142268180847168e-01,-1.852892935276031494e-01,-1.480335712432861328e+00,8.554337620735168457e-01,-4.527141749858856201e-01,1.288370728492736816e+00
-1.055685043334960938e+00,-5.254140123724937439e-02,-1.510360836982727051e+00,7.996371984481811523e-01,-6.234070658683776855e-01,1.298949122428894043e+00
-1.288683891296386719e+00,7.460203021764755249e-02,-1.527733445167541504e+00,7.501260638236999512e-01,-7.988998293876647949e-01,1.289282202720642090e+00
-1.415601253509521484e+00,1.944946944713592529e-01,-1.433434367179870605e+00,6.818643808364868164e-01,-9.513027667999267578e-01,1.283397316932678223e+00
-1.718622565269470215e+00,4.683347642421722412e-01,-1.078405976295471191e+00,4.963755011558532715e-01,-1.348361730575561523e+00,1.208237409591674805e+00
-1.939690351486206055e+00,6.639589071273803711e-01,-8.006970882415771484e-01,3.403188288211822510e-01,-1.635848402976989746e+00,1.098743081092834473e+00
-1.698335409164428711e+00,8.160439133644104004e-01,-3.037712574005126953e-01,9.263266623020172119e-02,-1.633366823196411133e+00,1.181698679924011230e+00
-1.490777134895324707e+00,7.286618351936340332e-01,-3.078149259090423584e-01,1.426908075809478760e-01,-1.468163251876831055e+00,1.272094368934631348e+00
-1.242598056793212891e+00,4.359162747859954834e-01,-7.170734405517578125e-01,4.078453481197357178e-01,-1.140147447586059570e+00,1.349530100822448730e+00
-1.020523309707641602e+00,2.252223491668701172e-01,-1.004606842994689941e+00,5.681298971176147461e-01,-8.505160212516784668e-01,1.372315645217895508e+00
-8.566510677337646484e-01,2.288719639182090759e-02,-1.248024940490722656e+00,7.089536786079406738e-01,-6.147001981735229492e-01,1.351076364517211914e+00
-7.564022541046142578e-01,-1.231283247470855713e-01,-1.353715419769287109e+00,8.008662462234497070e-01,-4.742685854434967041e-01,1.318378448486328125e+00
-7.715651988983154297e-01,1.140170395374298096e-01,-9.694740772247314453e-01,6.161427497863769531e-01,-6.668261289596557617e-01,1.389832615852355957e+00
-7.464002370834350586e-01,3.550579249858856201e-01,-5.264233946800231934e-01,4.068025648593902588e-01,-8.322789669036865234e-01,1.443481087684631348e+00
-8.022117018699645996e-01,3.493356108665466309e-01,-5.578093528747558594e-01,4.173114001750946045e-01,-8.616909384727478027e-01,1.433158993721008301e+00
-9.012438654899597168e-01,1.648979038000106812e-01,-1.032970309257507324e+00,6.001104712486267090e-01,-7.479928731918334961e-01,1.381153464317321777e+00
-9.791267514228820801e-01,-2.407254837453365326e-02,-1.406729340553283691e+00,7.645551562309265137e-01,-6.230428218841552734e-01,1.319622159004211426e+00
-1.189593553543090820e+00,2.457896769046783447e-01,-1.140667438507080078e+00,5.876823663711547852e-01,-9.251954555511474609e-01,1.341755628585815430e+00
-1.402107477188110352e+00,4.769363105297088623e-01,-8.143914341926574707e-01,4.119526445865631104e-01,-1.236847758293151855e+00,1.307538270950317383e+00
-1.439576148986816406e+00,6.131675839424133301e-01,-5.555910468101501465e-01,2.710528969764709473e-01,-1.353906989097595215e+00,1.300295233726501465e+00
-1.363091707229614258e+00,7.356362938880920410e-01,-1.790799647569656372e-01,1.051512137055397034e-01,-1.407623171806335449e+00,1.311619400978088379e+00
-1.346945047378540039e+00,7.760965824127197266e-01,-6.006267294287681580e-02,5.118463188409805298e-02,-1.427968382835388184e+00,1.309282064437866211e+00
-1.440959692001342773e+00,6.881158947944641113e-01,-3.667489886283874512e-01,1.807918399572372437e-01,-1.412466168403625488e+00,1.293795466423034668e+00
-1.515870809555053711e+00,5.805299878120422363e-01,-7.232140898704528809e-01,3.334830403327941895e-01,-1.361226439476013184e+00,1.277062296867370605e+00
-1.185849785804748535e+00,2.766818404197692871e-01,-1.076004505157470703e+00,5.595602989196777344e-01,-9.520826339721679688e-01,1.346788525581359863e+00
-8.214679360389709473e-01,-9.165000170469284058e-02,-1.367342233657836914e+00,7.879043817520141602e-01,-5.187482237815856934e-01,1.321105480194091797e+00
-1.061046838760375977e+00,-6.657036393880844116e-02,-1.534121274948120117e+00,8.108822107315063477e-01,-6.131003499031066895e-01,1.293898582458496094e+00
-1.587522149085998535e+00,1.437684595584869385e-01,-1.722338199615478516e+00,7.690936326980590820e-01,-9.203338623046875000e-01,1.236591815948486328e+00
-1.789542198181152344e+00,3.176658749580383301e-01,-1.585954308509826660e+00,6.791802644729614258e-01,-1.159473299980163574e+00,1.197600483894348145e+00
-1.719843387603759766e+00,4.664843380451202393e-01,-1.085519671440124512e+00,4.989365339279174805e-01,-1.346304535865783691e+00,1.208088755607604980e+00
-1.515171527862548828e+00,5.697727799415588379e-01,-7.434569001197814941e-01,3.449742197990417480e-01,-1.353292346000671387e+00,1.276972055435180664e+00
-1.199234724044799805e+00,5.174601078033447266e-01,-5.279628634452819824e-01,3.162018656730651855e-01,-1.172947168350219727e+00,1.367123365402221680e+00
-1.154157042503356934e+00,3.770220577716827393e-01,-7.365577220916748047e-01,4.446488320827484131e-01,-1.061504960060119629e+00,1.364623665809631348e+00
-1.149019360542297363e+00,5.185461640357971191e-01,-4.922587275505065918e-01,3.066073358058929443e-01,-1.147270679473876953e+00,1.380001544952392578e+00
-1.002161026000976562e+00,2.183718383312225342e-01,-9.489014744758605957e-01,5.640239119529724121e-01,-8.514759540557861328e-01,1.374793529510498047e+00
-1.181918501853942871e+00,2.557041943073272705e-01,-1.115864634513854980e+00,5.775463581085205078e-01,-9.310458898544311523e-01,1.344811320304870605e+00
-1.444939136505126953e+00,2.437461763620376587e-01,-1.363137245178222656e+00,6.463612318038940430e-01,-1.010928511619567871e+00,1.282631993293762207e+00
-1.480419516563415527e+00,4.133259952068328857e-01,-9.959979653358459473e-01,4.904530644416809082e-01,-1.205369114875793457e+00,1.282452225685119629e+00
-1.357932567596435547e+00,6.668844223022460938e-01,-3.439329862594604492e-01,1.866400837898254395e-01,-1.355347514152526855e+00,1.321349143981933594e+00
-1.136526703834533691e+00,4.747760891914367676e-01,-5.580738186836242676e-01,3.472135663032531738e-01,-1.113901376724243164e+00,1.379933953285217285e+00
-8.739597201347351074e-01,1.420618295669555664e-01,-1.064887046813964844e+00,6.160962581634521484e-01,-7.151372432708740234e-01,1.379960417747497559e+00
-9.872187972068786621e-01,1.742142140865325928e-01,-1.112575292587280273e+00,6.108301877975463867e-01,-7.838518023490905762e-01,1.367883205413818359e+00
-1.545136928558349609e+00,5.094689130783081055e-01,-8.384882807731628418e-01,4.090555608272552490e-01,-1.329233646392822266e+00,1.261334300041198730e+00
-1.898643136024475098e+00,7.777406573295593262e-01,-5.695433020591735840e-01,1.964243203401565552e-01,-1.696293950080871582e+00,1.110371112823486328e+00
-1.784512639045715332e+00,6.684774160385131836e-01,-7.328450083732604980e-01,3.022019267082214355e-01,-1.557393074035644531e+00,1.171488523483276367e+00
-1.457269787788391113e+00,3.855781257152557373e-01,-1.051144003868103027e+00,5.143993496894836426e-01,-1.165685534477233887e+00,1.288865447044372559e+00
-1.212518215179443359e+00,2.903947532176971436e-01,-1.068340182304382324e+00,5.523825287818908691e-01,-9.754997491836547852e-01,1.342690467834472656e+00
-1.227701306343078613e+00,3.230382800102233887e-01,-9.659159183502197266e-01,5.191547274589538574e-01,-1.025263309478759766e+00,1.341862082481384277e+00
-1.230401396751403809e+00,3.243214488029479980e-01,-9.539750218391418457e-01,5.170271992683410645e-01,-1.031078577041625977e+00,1.341009736061096191e+00
-1.213155865669250488e+00,1.984099894762039185e-01,-1.246714830398559570e+00,6.331211924552917480e-01,-8.918108940124511719e-01,1.329113960266113281e+00
-1.210358381271362305e+00,9.862453676760196686e-03,-1.557842850685119629e+00,7.831743359565734863e-01,-7.185447812080383301e-01,1.289193153381347656e+00
-1.340960979461669922e+00,2.634941041469573975e-01,-1.228238224983215332e+00,6.040627360343933105e-01,-9.985579252243041992e-01,1.309903979301452637e+00
-1.471002817153930664e+00,4.862439930438995361e-01,-8.378612995147705078e-01,4.170503020286560059e-01,-1.276472806930541992e+00,1.285402655601501465e+00
-1.680682063102722168e+00,5.468882322311401367e-01,-8.454294204711914062e-01,3.995483517646789551e-01,-1.422902703285217285e+00,1.212563276290893555e+00
-1.696860074996948242e+00,5.073349475860595703e-01,-9.262794256210327148e-01,4.416476488113403320e-01,-1.393051743507385254e+00,1.209372520446777344e+00
-1.402061343193054199e+00,3.978687524795532227e-01,-9.587159752845764160e-01,4.865376651287078857e-01,-1.161686658859252930e+00,1.303473711013793945e+00
-1.133715987205505371e+00,2.787426412105560303e-01,-9.872161746025085449e-01,5.416941642761230469e-01,-9.447631239891052246e-01,1.357876896858215332e+00
-1.854160189628601074e+00,6.108232140541076660e-01,-8.344460129737854004e-01,3.738790452480316162e-01,-1.555170893669128418e+00,1.140364885330200195e+00
